SIRUTA	DENLOC	CODP	JUD	SIRSUP	TIP	NIV	MED	REGIUNE	FSJ	FSL	FS2	FS3	POND	rang	fictiv
10	JUDETUL ALBA                     	0	1	1	40	1	0	7	1	1.00E+11	       	       	2.54E+23	   	
1017	MUNICIPIUL ALBA IULIA            	0	1	10	1	2	1	7	1	1.10E+11	1	       	2.84E+41	II 	
1026	ALBA IULIA                       	510005	1	1017	9	3	1	7	1	1.10E+11	110040	1000084	1.33E+19	II 	
1035	B?R?BAN?                         	510001	1	1017	10	3	1	7	1	1.10E+11	110040	2000732	1.62E+15	V  	
1044	MICE?TI                          	510002	1	1017	10	3	1	7	1	1.10E+11	110040	2007411	2.82E+13	V  	
1053	OARDA                            	510003	1	1017	10	3	1	7	1	1.10E+11	110040	2008111	3013331813	V  	
1062	PÂCLI?A                          	510004	1	1017	10	3	1	7	1	1.10E+11	110040	2008620	3.12E+13	V  	
1213	MUNICIPIUL AIUD                  	0	1	10	4	2	1	7	1	1.20E+11	1	       	2.84E+29	II 	
1222	AIUD                             	515200	1	1213	9	3	1	7	1	1.20E+11	120039	1000079	13233818	II 	
1231	AIUDUL DE SUS                    	515201	1	1213	10	3	1	7	1	1.20E+11	120039	2000080	1.32E+25	V  	
1277	CIUMBRUD                         	515202	1	1213	11	3	1	7	1	1.20E+11	120039	3002907	1.72E+15	V  	
1240	GÂMBA?                           	515203	1	1213	10	3	1	7	1	1.20E+11	120039	2005072	2.12E+11	V  	
1286	GÂRBOVA DE JOS                   	515204	1	1213	11	3	1	7	1	1.20E+11	120039	3005083	2.12E+27	V  	
1295	GÂRBOVA DE SUS                   	515205	1	1213	11	3	1	7	1	1.20E+11	120039	3005084	2.12E+27	V  	
1302	GÂRBOVI?A                        	515206	1	1213	11	3	1	7	1	1.20E+11	120039	3005090	2.12E+17	V  	
1259	M?GINA                           	515207	1	1213	10	3	1	7	1	1.20E+11	120039	2007086	2.83E+11	V  	
1268	P?GIDA                           	515208	1	1213	10	3	1	7	1	1.20E+11	120039	2008525	3.13E+11	V  	
1311	SÂNCRAI                          	515209	1	1213	11	3	1	7	1	1.20E+11	120039	3010574	3.42E+13	V  	
1320	?IFRA                            	515210	1	1213	11	3	1	7	1	1.20E+11	120039	3012378	2323203313	V  	
1348	MUNICIPIUL BLAJ                  	0	1	10	4	2	1	7	1	1.20E+11	1	       	2.84E+29	II 	
1357	BLAJ                             	515400	1	1348	9	3	1	7	1	1.20E+11	120041	1001132	16271325	II 	
1366	DELENI-OBÂR?IE                   	515401	1	1348	10	3	1	7	1	1.20E+11	120041	2004011	1.82E+27	V  	
1375	FLITE?TI                         	515402	1	1348	10	3	1	7	1	1.20E+11	120041	2004777	2.03E+15	V  	
1384	IZVOARELE                        	515403	1	1348	10	3	1	7	1	1.20E+11	120041	2006269	2.34E+17	V  	
1428	M?N?RADE                         	515404	1	1348	11	3	1	7	1	1.20E+11	120041	3007159	2.83E+15	V  	
1393	PETRISAT                         	515405	1	1348	10	3	1	7	1	1.20E+11	120041	2008796	3.12E+15	V  	
1437	SP?TAC                           	515406	1	1348	11	3	1	7	1	1.20E+11	120041	3011132	3.43E+11	V  	
1400	TIUR                             	515407	1	1348	10	3	1	7	1	1.20E+11	120041	2012073	36233833	V  	
1419	VEZA                             	515408	1	1348	10	3	1	7	1	1.20E+11	120041	2013318	39194213	V  	
1874	MUNICIPIUL SEBE?                 	0	1	10	4	2	1	7	1	1.20E+11	1	       	2.84E+31	II 	
1883	SEBE?                            	515800	1	1874	9	3	1	7	1	1.20E+11	120042	1010791	3419161919	II 	
1892	LANCR?M                          	515801	1	1874	10	3	1	7	1	1.20E+11	120042	2006446	2.71E+13	V  	
1909	PETRE?TI                         	515850	1	1874	10	3	1	7	1	1.20E+11	120042	2008771	3.12E+15	V  	
1918	R?H?U                            	515802	1	1874	11	3	1	7	1	1.20E+11	120042	3009789	3333222238	V  	
1151	ORA? ABRUD                       	0	1	10	2	2	1	7	1	1.30E+11	1	       	3.03E+19	III	
1160	ABRUD                            	515100	1	1151	17	3	1	7	1	1.30E+11	130046	1000009	1316333818	III	
1179	ABRUD-SAT                        	515101	1	1151	18	3	1	7	1	1.30E+11	130046	2000011	1.32E+17	V  	
1188	GURA CORNEI                      	515102	1	1151	18	3	1	7	1	1.30E+11	130046	2005598	2.14E+21	V  	
1197	SOHARU                           	515103	1	1151	18	3	1	7	1	1.30E+11	130046	2011089	3.43E+11	V  	
2915	ORA? BAIA DE ARIE?               	0	1	10	2	2	1	7	1	1.30E+11	1	       	3.03E+35	III	
2924	BAIA DE ARIE?                    	515300	1	2915	17	3	1	7	1	1.30E+11	130047	1000421	1.61E+25	III	
2933	BR?ZE?TI                         	515301	1	2915	19	3	1	7	1	1.30E+11	130047	3001610	1.63E+15	V  	
2942	CIOARA DE SUS                    	515302	1	2915	19	3	1	7	1	1.30E+11	130047	3002756	1.72E+25	V  	
2951	MUNCELU                          	515303	1	2915	19	3	1	7	1	1.30E+11	130047	3007793	2.84E+13	V  	
2960	SART??                           	515304	1	2915	19	3	1	7	1	1.30E+11	130047	3010286	3.41E+11	V  	
2979	SIMULE?TI                        	515305	1	2915	19	3	1	7	1	1.30E+11	130047	3010941	3.42E+17	V  	
1455	ORA? CÂMPENI                     	0	1	10	2	2	1	7	1	1.30E+11	1	       	3.03E+23	III	
1464	CÂMPENI                          	515500	1	1455	17	3	1	7	1	1.30E+11	130048	1002334	1.72E+13	III	
1473	BONCE?TI                         	515501	1	1455	18	3	1	7	1	1.30E+11	130048	2001344	1.63E+15	V  	
1482	BORLE?TI                         	515502	1	1455	18	3	1	7	1	1.30E+11	130048	2001378	1.63E+15	V  	
1491	BOTE?TI                          	515503	1	1455	18	3	1	7	1	1.30E+11	130048	2001439	1.63E+13	V  	
1507	CERTEGE                          	515504	1	1455	18	3	1	7	1	1.30E+11	130048	2002526	1.72E+13	V  	
1516	COASTA VÂSCULUI                  	515505	1	1455	18	3	1	7	1	1.30E+11	130048	2002996	1.73E+29	V  	
1525	D?NDU?                           	515506	1	1455	18	3	1	7	1	1.30E+11	130048	2003837	1.82E+11	V  	
1534	DEALU BISTRII                    	515507	1	1455	18	3	1	7	1	1.30E+11	130048	2003911	1.82E+25	V  	
1543	DEALU CAPSEI                     	515508	1	1455	18	3	1	7	1	1.30E+11	130048	2003914	1.82E+23	V  	
1552	DRIC                             	515509	1	1455	18	3	1	7	1	1.30E+11	130048	2004338	18332317	V  	
1561	FA?A ABRUDULUI                   	515510	1	1455	18	3	1	7	1	1.30E+11	130048	2004535	2.01E+27	V  	
1570	FLORE?TI                         	515511	1	1455	18	3	1	7	1	1.30E+11	130048	2004796	2.03E+15	V  	
1589	FURDUIE?TI                       	515512	1	1455	18	3	1	7	1	1.30E+11	130048	2004944	2.04E+19	V  	
1598	MIHOE?TI                         	515513	1	1455	18	3	1	7	1	1.30E+11	130048	2007489	2.82E+15	V  	
1605	MOTOR??TI                        	515514	1	1455	18	3	1	7	1	1.30E+11	130048	2007738	2.83E+17	V  	
1614	PESTE VALEA BISTRII              	515515	1	1455	18	3	1	7	1	1.30E+11	130048	2008722	3.12E+37	V  	
1623	PODURI                           	515516	1	1455	18	3	1	7	1	1.30E+11	130048	2009131	3.13E+11	V  	
1632	SORLI?A                          	515517	1	1455	18	3	1	7	1	1.30E+11	130048	2011125	3.43E+13	V  	
1641	TOMU?E?TI                        	515518	1	1455	18	3	1	7	1	1.30E+11	130048	2012124	3.63E+17	V  	
1650	VALEA BISTRII                    	515519	1	1455	18	3	1	7	1	1.30E+11	130048	2012671	3.91E+25	V  	
1669	VALEA CASELOR                    	515520	1	1455	18	3	1	7	1	1.30E+11	130048	2012694	3.91E+25	V  	
1678	VÂR?I                            	515521	1	1455	18	3	1	7	1	1.30E+11	130048	2013252	3915333323	V  	
1696	ORA? CUGIR                       	0	1	10	2	2	1	7	1	1.30E+11	1	       	3.03E+19	III	
1703	CUGIR                            	515600	1	1696	17	3	1	7	1	1.30E+11	130049	1003682	1738212333	III	
1712	BOC?ITURA                        	515601	1	1696	18	3	1	7	1	1.30E+11	130049	2001210	1.63E+17	V  	
1721	BUCURU                           	515602	1	1696	18	3	1	7	1	1.30E+11	130049	2001766	1.64E+11	V  	
1730	C?LENE                           	515603	1	1696	18	3	1	7	1	1.30E+11	130049	2002147	1.72E+11	V  	
1749	FE?ENI                           	515604	1	1696	18	3	1	7	1	1.30E+11	130049	2004710	2.02E+11	V  	
1758	GOA?ELE                          	515605	1	1696	18	3	1	7	1	1.30E+11	130049	2005361	2.13E+13	V  	
1767	MUGE?TI                          	515606	1	1696	18	3	1	7	1	1.30E+11	130049	2007784	2.84E+13	V  	
1776	VINEREA                          	515607	1	1696	18	3	1	7	1	1.30E+11	130049	2013387	3.92E+13	V  	
1794	ORA? OCNA MURE?                  	0	1	10	2	2	1	7	1	1.30E+11	1	       	3.03E+29	III	
1801	OCNA MURE?                       	515700	1	1794	17	3	1	7	1	1.30E+11	130050	1008160	3.02E+19	III	
1838	CISTEIU DE MURE?                 	515701	1	1794	19	3	1	7	1	1.30E+11	130050	3002867	1.72E+31	V  	
1847	MICO?LACA                        	515702	1	1794	19	3	1	7	1	1.30E+11	130050	3007422	2.82E+17	V  	
1856	R?ZBOIENI-CETATE                 	515703	1	1794	19	3	1	7	1	1.30E+11	130050	3009831	3.33E+31	V  	
1810	UIOARA DE JOS                    	515704	1	1794	18	3	1	7	1	1.30E+11	130050	2012443	3.82E+25	V  	
1829	UIOARA DE SUS                    	515705	1	1794	18	3	1	7	1	1.30E+11	130050	2012444	3.82E+25	V  	
8096	ORA? TEIU?                       	0	1	10	2	2	1	7	1	1.30E+11	1	       	3.03E+19	III	
8103	TEIU?                            	515900	1	8096	17	3	1	7	1	1.30E+11	130051	1011953	3619233838	III	
8112	BELDIU                           	515901	1	8096	19	3	1	7	1	1.30E+11	130051	3000938	1.62E+11	V  	
8121	C?PUD                            	515902	1	8096	19	3	1	7	1	1.30E+11	130051	3002238	1717313818	V  	
8130	CO?LARIU NOU                     	515903	1	8096	19	3	1	7	1	1.30E+11	130051	3003392	1.73E+23	V  	
8149	PE?ELCA                          	515904	1	8096	19	3	1	7	1	1.30E+11	130051	3008812	3.12E+13	V  	
1936	ORA? ZLATNA                      	0	1	10	2	2	1	7	1	1.30E+11	1	       	3.03E+21	III	
1945	ZLATNA                           	516100	1	1936	17	3	1	7	1	1.30E+11	130052	1013705	4.23E+11	III	
1954	BOTE?TI                          	516101	1	1936	19	3	1	7	1	1.30E+11	130052	3001442	1.63E+13	V  	
1963	BUDENI                           	516102	1	1936	19	3	1	7	1	1.30E+11	130052	3001794	1.64E+11	V  	
1972	DEALU ROATEI                     	516103	1	1936	19	3	1	7	1	1.30E+11	130052	3003956	1.82E+23	V  	
1981	DOBROT                           	516104	1	1936	19	3	1	7	1	1.30E+11	130052	3004141	1.83E+11	V  	
1990	DUMBRAVA                         	516105	1	1936	19	3	1	7	1	1.30E+11	130052	3004393	1.84E+15	V  	
2005	FENE?                            	516106	1	1936	19	3	1	7	1	1.30E+11	130052	3004688	2019291919	V  	
2014	GALA?I                           	516107	1	1936	19	3	1	7	1	1.30E+11	130052	3004957	2.11E+11	V  	
2023	IZVORU AMPOIULUI                 	516108	1	1936	19	3	1	7	1	1.30E+11	130052	3006303	2.34E+31	V  	
2032	P?TRÂNGENI                       	516109	1	1936	19	3	1	7	1	1.30E+11	130052	3008579	3.13E+19	V  	
2050	PÂR?U GRUIULUI                   	516110	1	1936	19	3	1	7	1	1.30E+11	130052	3008632	3.12E+27	V  	
2041	PIRITA                           	516111	1	1936	19	3	1	7	1	1.30E+11	130052	3008899	3.12E+11	V  	
2069	PODU LUI PAUL                    	516112	1	1936	19	3	1	7	1	1.30E+11	130052	3009112	3.13E+25	V  	
2078	RUNC                             	516113	1	1936	19	3	1	7	1	1.30E+11	130052	3010160	33382917	V  	
2087	RU?I                             	516114	1	1936	19	3	1	7	1	1.30E+11	130052	3010217	33383823	V  	
2096	SUSENI                           	516115	1	1936	19	3	1	7	1	1.30E+11	130052	3011447	3.44E+11	V  	
2103	TRÂMPOIELE                       	516116	1	1936	19	3	1	7	1	1.30E+11	130052	3012193	3.63E+19	V  	
2112	VALEA MIC?                       	516117	1	1936	19	3	1	7	1	1.30E+11	130052	3012862	3.91E+19	V  	
2121	VÂLTORI                          	516118	1	1936	19	3	1	7	1	1.30E+11	130052	3013217	3.92E+13	V  	
2130	ALBAC                            	0	1	10	3	2	3	7	1	1.50E+11	1	       	1327161317	IV 	
2149	ALBAC                            	517005	1	2130	22	3	3	7	1	1.50E+11	150001	1000085	1327161317	IV 	
2158	B?R??TI                          	517006	1	2130	23	3	3	7	1	1.50E+11	150001	3000742	1.62E+13	V  	
2167	BUD?IE?TI                        	517007	1	2130	23	3	3	7	1	1.50E+11	150001	3001788	1.64E+17	V  	
2176	CIONE?TI                         	517008	1	2130	23	3	3	7	1	1.50E+11	150001	3002813	1.72E+15	V  	
2185	COSTE?TI                         	517009	1	2130	23	3	3	7	1	1.50E+11	150001	3003348	1.73E+15	V  	
2194	DEALU L?M??OI                    	517011	1	2130	23	3	3	7	1	1.50E+11	150001	3003932	1.82E+25	V  	
2201	DEVE                             	517012	1	2130	23	3	3	7	1	1.50E+11	150001	3004040	18193919	V  	
2210	DUP? PLE?E                       	517013	1	2130	23	3	3	7	1	1.50E+11	150001	3004478	1.84E+19	V  	
2229	FA?A                             	517014	1	2130	23	3	3	7	1	1.50E+11	150001	3004534	20131313	V  	
2238	PLE?E?TI                         	517016	1	2130	23	3	3	7	1	1.50E+11	150001	3008988	3.13E+15	V  	
2247	POTIONCI                         	517017	1	2130	23	3	3	7	1	1.50E+11	150001	3009431	3.13E+15	V  	
2256	ROGOZ                            	517018	1	2130	23	3	3	7	1	1.50E+11	150001	3010010	3330213042	V  	
2265	RO?E?TI                          	517019	1	2130	23	3	3	7	1	1.50E+11	150001	3010061	3.33E+13	V  	
2274	RUSE?TI                          	517021	1	2130	23	3	3	7	1	1.50E+11	150001	3010203	3.34E+13	V  	
2283	SOHODOL                          	517022	1	2130	23	3	3	7	1	1.50E+11	150001	3011092	3.43E+13	V  	
2292	TAMBORE?TI                       	517023	1	2130	23	3	3	7	1	1.50E+11	150001	3011755	3.61E+19	V  	
2309	ALMA?U MARE                      	0	1	10	3	2	3	7	1	1.50E+11	1	       	1.33E+21	IV 	
2318	ALMA?U MARE                      	517030	1	2309	22	3	3	7	1	1.50E+11	150002	1000153	1.33E+21	IV 	
2327	ALMA?U DE MIJLOC                 	517031	1	2309	23	3	3	7	1	1.50E+11	150002	3000152	1.33E+31	V  	
2336	BR?DET                           	517032	1	2309	23	3	3	7	1	1.50E+11	150002	3001557	1.63E+11	V  	
2345	CHEILE CIBULUI                   	517033	1	2309	23	3	3	7	1	1.50E+11	150002	3002576	1.72E+27	V  	
2354	CIB                              	517034	1	2309	23	3	3	7	1	1.50E+11	150002	3002723	172316	V  	
2363	GLOD                             	517036	1	2309	23	3	3	7	1	1.50E+11	150002	3005337	21273018	V  	
2372	N?D??TIA                         	517038	1	2309	23	3	3	7	1	1.50E+11	150002	3007871	2.93E+15	V  	
2381	ARIE?ENI                         	0	1	10	3	2	3	7	1	1.50E+11	1	       	1.33E+15	IV 	
2390	ARIE?ENI                         	517040	1	2381	22	3	3	7	1	1.50E+11	150003	1000302	1.33E+15	IV 	
2407	AVR?ME?TI                        	517041	1	2381	23	3	3	7	1	1.50E+11	150003	3000380	1.34E+17	V  	
2416	BUBE?TI                          	517042	1	2381	23	3	3	7	1	1.50E+11	150003	3001705	1.64E+13	V  	
2425	CASA DE PIATR?                   	517043	1	2381	23	3	3	7	1	1.50E+11	150003	3002069	1.71E+27	V  	
2434	COBLE?                           	517044	1	2381	23	3	3	7	1	1.50E+11	150003	3003001	1.73E+11	V  	
2443	DEALU BAJULUI                    	517046	1	2381	23	3	3	7	1	1.50E+11	150003	3003908	1.82E+25	V  	
2452	FA?A CRISTESEI                   	517047	1	2381	23	3	3	7	1	1.50E+11	150003	3004537	2.01E+27	V  	
2461	FA?A L?PU?ULUI                   	517048	1	2381	23	3	3	7	1	1.50E+11	150003	3004538	2.01E+27	V  	
2470	GALBENA                          	517049	1	2381	23	3	3	7	1	1.50E+11	150003	3004961	2.11E+13	V  	
2489	HODOBANA                         	517051	1	2381	23	3	3	7	1	1.50E+11	150003	3005849	2.23E+15	V  	
2498	IZLAZ                            	517052	1	2381	23	3	3	7	1	1.50E+11	150003	3006256	2342271342	V  	
2504	P?NTE?TI                         	517053	1	2381	23	3	3	7	1	1.50E+11	150003	3008555	3.13E+15	V  	
2513	P?TR?H?I?E?TI                    	517054	1	2381	23	3	3	7	1	1.50E+11	150003	3008576	3.13E+25	V  	
2522	POIENI?A                         	517056	1	2381	23	3	3	7	1	1.50E+11	150003	3009297	3.13E+15	V  	
2531	RAVICE?TI                        	517057	1	2381	23	3	3	7	1	1.50E+11	150003	3009719	3.31E+17	V  	
2540	STURU                            	517058	1	2381	23	3	3	7	1	1.50E+11	150003	3011368	3436383338	V  	
2559	?TEI-ARIE?ENI                    	517059	1	2381	23	3	3	7	1	1.50E+11	150003	3011693	3.84E+25	V  	
2568	VANVUCE?TI                       	517061	1	2381	23	3	3	7	1	1.50E+11	150003	3013041	3.91E+19	V  	
2577	AVRAM IANCU                      	0	1	10	3	2	3	7	1	1.50E+11	1	       	1.34E+21	IV 	
2586	AVRAM IANCU                      	517065	1	2577	22	3	3	7	1	1.50E+11	150004	1000371	1.34E+21	IV 	
2595	ACHIME?E?TI                      	517066	1	2577	23	3	3	7	1	1.50E+11	150004	3000017	1.32E+21	V  	
2602	AVR?ME?TI                        	517067	1	2577	23	3	3	7	1	1.50E+11	150004	3000379	1.34E+17	V  	
2611	B?D?I                            	517068	1	2577	23	3	3	7	1	1.50E+11	150004	3000563	1616181823	V  	
2620	BOLDE?TI                         	517069	1	2577	23	3	3	7	1	1.50E+11	150004	3001327	1.63E+15	V  	
2639	C?LUG?RE?TI                      	517071	1	2577	23	3	3	7	1	1.50E+11	150004	3002199	1.72E+21	V  	
2648	C?SOAIA                          	517072	1	2577	23	3	3	7	1	1.50E+11	150004	3002279	1.72E+13	V  	
2657	CÂNDE?TI                         	517073	1	2577	23	3	3	7	1	1.50E+11	150004	3002366	1.72E+15	V  	
2666	CÂR??TI                          	517074	1	2577	23	3	3	7	1	1.50E+11	150004	3002373	1.72E+13	V  	
2675	CÂR?ULE?TI                       	517076	1	2577	23	3	3	7	1	1.50E+11	150004	3002419	1.72E+19	V  	
2684	COCE?TI                          	517077	1	2577	23	3	3	7	1	1.50E+11	150004	3003010	1.73E+13	V  	
2693	COCO?E?TI                        	517078	1	2577	23	3	3	7	1	1.50E+11	150004	3003033	1.73E+17	V  	
2700	COROIE?TI                        	517079	1	2577	23	3	3	7	1	1.50E+11	150004	3003299	1.73E+17	V  	
2719	DEALU CRI?ULUI                   	517081	1	2577	23	3	3	7	1	1.50E+11	150004	3003918	1.82E+27	V  	
2728	DOLE?TI                          	517082	1	2577	23	3	3	7	1	1.50E+11	150004	3004171	1.83E+13	V  	
2737	DUM?CE?TI                        	517083	1	2577	23	3	3	7	1	1.50E+11	150004	3004383	1.84E+17	V  	
2746	GOJEIE?TI                        	517084	1	2577	23	3	3	7	1	1.50E+11	150004	3005389	2.13E+17	V  	
2755	HELERE?TI                        	517086	1	2577	23	3	3	7	1	1.50E+11	150004	3005781	2.22E+17	V  	
2764	INCE?TI                          	517087	1	2577	23	3	3	7	1	1.50E+11	150004	3006146	2.33E+13	V  	
2773	JOJEI                            	517088	1	2577	23	3	3	7	1	1.50E+11	150004	3006393	2530251923	V  	
2782	M?RTE?TI                         	517089	1	2577	23	3	3	7	1	1.50E+11	150004	3007240	2.83E+15	V  	
2791	ORGE?TI                          	517091	1	2577	23	3	3	7	1	1.50E+11	150004	3008327	3.03E+13	V  	
2808	P?TRU?E?TI                       	517092	1	2577	23	3	3	7	1	1.50E+11	150004	3008583	3.13E+19	V  	
2817	PLAI                             	517093	1	2577	23	3	3	7	1	1.50E+11	150004	3008944	31271323	V  	
2826	PU?ELE?TI                        	517094	1	2577	23	3	3	7	1	1.50E+11	150004	3009628	3.14E+17	V  	
2835	?OICE?TI                         	517096	1	2577	23	3	3	7	1	1.50E+11	150004	3011621	2.33E+15	V  	
2844	?TERTE?TI                        	517097	1	2577	23	3	3	7	1	1.50E+11	150004	3011695	2.34E+17	V  	
2853	TÂRSA                            	517098	1	2577	23	3	3	7	1	1.50E+11	150004	3011919	3615333413	V  	
2862	TÂRSA-PLAI                       	517099	1	2577	23	3	3	7	1	1.50E+11	150004	3011922	3.62E+19	V  	
2871	VALEA MACIULUI                   	517101	1	2577	23	3	3	7	1	1.50E+11	150004	3012815	3.91E+27	V  	
2880	VALEA U?ULUI                     	517102	1	2577	23	3	3	7	1	1.50E+11	150004	3013011	3.91E+23	V  	
2899	VERDE?TI                         	517103	1	2577	23	3	3	7	1	1.50E+11	150004	3013292	3.92E+15	V  	
2906	VIDRI?OARA                       	517104	1	2577	23	3	3	7	1	1.50E+11	150004	3013344	3.92E+19	V  	
2988	BERGHIN                          	0	1	10	3	2	3	7	1	1.50E+11	1	       	1.62E+13	IV 	
2997	BERGHIN                          	517110	1	2988	22	3	3	7	1	1.50E+11	150005	1001007	1.62E+13	IV 	
3002	GHIRBOM                          	517111	1	2988	23	3	3	7	1	1.50E+11	150005	3005246	2.12E+13	V  	
3011	HENIG                            	517112	1	2988	23	3	3	7	1	1.50E+11	150005	3005788	2219292321	V  	
3020	STRAJA                           	517113	1	2988	23	3	3	7	1	1.50E+11	150005	3011302	3.44E+11	V  	
3039	BISTRA                           	0	1	10	3	2	3	7	1	1.50E+11	1	       	1.62E+11	IV 	
3048	BISTRA                           	517115	1	3039	22	3	3	7	1	1.50E+11	150006	1001102	1.62E+11	IV 	
3057	ARONE?TI                         	517116	1	3039	23	3	3	7	1	1.50E+11	150006	3000323	1.33E+15	V  	
3066	B?LE?TI                          	517117	1	3039	23	3	3	7	1	1.50E+11	150006	3000668	1.62E+13	V  	
3075	B?LE?TI-C?TUN                    	517118	1	3039	23	3	3	7	1	1.50E+11	150006	3000670	1.62E+25	V  	
3084	BÂRLE?TI                         	517119	1	3039	23	3	3	7	1	1.50E+11	150006	3000838	1.62E+15	V  	
3093	CHELETENI                        	517121	1	3039	23	3	3	7	1	1.50E+11	150006	3002578	1.72E+17	V  	
3100	CIULDE?TI                        	517122	1	3039	23	3	3	7	1	1.50E+11	150006	3002894	1.72E+17	V  	
3119	CRE?E?TI                         	517123	1	3039	23	3	3	7	1	1.50E+11	150006	3003549	1.73E+15	V  	
3137	DÂMBURENI                        	517124	1	3039	23	3	3	7	1	1.50E+11	150006	3003874	1.82E+17	V  	
3128	DEALU MUNTELUI                   	517126	1	3039	23	3	3	7	1	1.50E+11	150006	3003948	1.82E+27	V  	
3146	DUR??TI                          	517127	1	3039	23	3	3	7	1	1.50E+11	150006	3004481	1.84E+13	V  	
3155	G?NE?TI                          	517128	1	3039	23	3	3	7	1	1.50E+11	150006	3005039	2.12E+13	V  	
3164	GÂRDE                            	517129	1	3039	23	3	3	7	1	1.50E+11	150006	3005100	2115331819	V  	
3173	HODI?E?TI                        	517131	1	3039	23	3	3	7	1	1.50E+11	150006	3005846	2.23E+17	V  	
3182	HUDRICE?TI                       	517132	1	3039	23	3	3	7	1	1.50E+11	150006	3005947	2.24E+19	V  	
3191	LIPAIA                           	517133	1	3039	23	3	3	7	1	1.50E+11	150006	3006644	2.72E+11	V  	
3208	LUNCA LARG?                      	517134	1	3039	23	3	3	7	1	1.50E+11	150006	3006836	2.74E+21	V  	
3217	LUNCA MERILOR                    	517136	1	3039	23	3	3	7	1	1.50E+11	150006	3006841	2.74E+25	V  	
3226	MIH?IE?TI                        	517137	1	3039	23	3	3	7	1	1.50E+11	150006	3007473	2.82E+17	V  	
3235	N?MA?                            	517138	1	3039	23	3	3	7	1	1.50E+11	150006	3007879	2929281313	V  	
3244	NOV?CE?TI                        	517139	1	3039	23	3	3	7	1	1.50E+11	150006	3008086	2.93E+17	V  	
3253	PERJE?TI                         	517141	1	3039	23	3	3	7	1	1.50E+11	150006	3008712	3.12E+15	V  	
3262	POIANA                           	517142	1	3039	23	3	3	7	1	1.50E+11	150006	3009178	3.13E+11	V  	
3271	POIU                             	517143	1	3039	23	3	3	7	1	1.50E+11	150006	3009305	31302338	V  	
3280	R?TITI?                          	517144	1	3039	23	3	3	7	1	1.50E+11	150006	3009818	3.33E+13	V  	
3299	RUNCURI                          	517146	1	3039	23	3	3	7	1	1.50E+11	150006	3010180	3.34E+13	V  	
3306	S?L?GE?TI                        	517147	1	3039	23	3	3	7	1	1.50E+11	150006	3010414	3.43E+17	V  	
3315	?TEFANCA                         	517148	1	3039	23	3	3	7	1	1.50E+11	150006	3011675	2.34E+15	V  	
3324	TOL?CE?TI                        	517149	1	3039	23	3	3	7	1	1.50E+11	150006	3012102	3.63E+17	V  	
3333	TOMNATEC                         	517151	1	3039	23	3	3	7	1	1.50E+11	150006	3012112	3.63E+15	V  	
3342	TRI?ORE?TI                       	517152	1	3039	23	3	3	7	1	1.50E+11	150006	3012224	3.63E+19	V  	
3351	??R?NE?TI                        	517153	1	3039	23	3	3	7	1	1.50E+11	150006	3012335	2.32E+17	V  	
3379	VÂR?II MARI                      	517156	1	3039	23	3	3	7	1	1.50E+11	150006	3013254	3.92E+21	V  	
3388	VÂR?II MICI                      	517157	1	3039	23	3	3	7	1	1.50E+11	150006	3013255	3.92E+21	V  	
3360	VÂR?I-RONTU                      	517154	1	3039	23	3	3	7	1	1.50E+11	150006	3013253	3.92E+21	V  	
3397	BLANDIANA                        	0	1	10	3	2	3	7	1	1.50E+11	1	       	1.63E+17	IV 	
3404	BLANDIANA                        	517160	1	3397	22	3	3	7	1	1.50E+11	150007	1001136	1.63E+17	IV 	
3413	ACMARIU                          	517161	1	3397	23	3	3	7	1	1.50E+11	150007	3000021	1.32E+13	V  	
3422	IBRU                             	517162	1	3397	23	3	3	7	1	1.50E+11	150007	3006045	23163338	V  	
3431	POIENI                           	517163	1	3397	23	3	3	7	1	1.50E+11	150007	3009269	3.13E+11	V  	
3440	R?C?T?U                          	517164	1	3397	23	3	3	7	1	1.50E+11	150007	3009728	3.33E+13	V  	
9026	BUCERDEA GRÂNOAS?                	0	1	10	3	2	3	7	1	1.50E+11	1	       	1.64E+33	   	0
4204	BUCERDEA GRÂNOAS?                	517261	1	9026	22	3	3	7	1	1.50E+11	150008	3001709	1.64E+33	V  	
4213	CORNU                            	517262	1	9026	23	3	3	7	1	1.50E+11	150008	3003279	1730332938	V  	
4222	P?DURE                           	517263	1	9026	23	3	3	7	1	1.50E+11	150008	3008481	3.13E+11	V  	
4231	PÂNCA                            	517264	1	9026	23	3	3	7	1	1.50E+11	150008	3008624	3115291713	V  	
3459	BUCIUM                           	0	1	10	3	2	3	7	1	1.50E+11	1	       	1.64E+11	IV 	
3468	BUCIUM                           	517165	1	3459	22	3	3	7	1	1.50E+11	150009	1001723	1.64E+11	IV 	
3477	ANGHELE?TI                       	517166	1	3459	23	3	3	7	1	1.50E+11	150009	3000215	1.33E+19	V  	
3486	BISERICANI                       	517167	1	3459	23	3	3	7	1	1.50E+11	150009	3001098	1.62E+19	V  	
3495	BUCIUM-SAT                       	517168	1	3459	23	3	3	7	1	1.50E+11	150009	3001728	1.64E+19	V  	
3501	CERBU                            	517169	1	3459	23	3	3	7	1	1.50E+11	150009	3002481	1719331638	V  	
3510	CIUCULE?TI                       	517171	1	3459	23	3	3	7	1	1.50E+11	150009	3002882	1.72E+19	V  	
3529	COLE?ENI                         	517172	1	3459	23	3	3	7	1	1.50E+11	150009	3003070	1.73E+15	V  	
3538	DOG?RE?TI                        	517173	1	3459	23	3	3	7	1	1.50E+11	150009	3004162	1.83E+17	V  	
3547	FERE?TI                          	517174	1	3459	23	3	3	7	1	1.50E+11	150009	3004696	2.02E+13	V  	
3556	FLORE?TI                         	517176	1	3459	23	3	3	7	1	1.50E+11	150009	3004789	2.03E+15	V  	
3565	GURA IZBITEI                     	517177	1	3459	23	3	3	7	1	1.50E+11	150009	3005613	2.14E+23	V  	
3574	HELE?TI                          	517178	1	3459	23	3	3	7	1	1.50E+11	150009	3005784	2.22E+13	V  	
3583	IZBICIOARA                       	517179	1	3459	23	3	3	7	1	1.50E+11	150009	3006250	2.34E+19	V  	
3592	IZBITA                           	517181	1	3459	23	3	3	7	1	1.50E+11	150009	3006251	2.34E+11	V  	
3609	JURCUIE?TI                       	517182	1	3459	23	3	3	7	1	1.50E+11	150009	3006423	2.54E+19	V  	
3618	LUPULE?TI                        	517183	1	3459	23	3	3	7	1	1.50E+11	150009	3006918	2.74E+17	V  	
3627	M?GURA                           	517184	1	3459	23	3	3	7	1	1.50E+11	150009	3007099	2.83E+11	V  	
3636	MUNTARI                          	517186	1	3459	23	3	3	7	1	1.50E+11	150009	3007800	2.84E+13	V  	
3645	PETRENI                          	517187	1	3459	23	3	3	7	1	1.50E+11	150009	3008766	3.12E+13	V  	
3654	POIANA                           	517188	1	3459	23	3	3	7	1	1.50E+11	150009	3009170	3.13E+11	V  	
3663	POIENI                           	517189	1	3459	23	3	3	7	1	1.50E+11	150009	3009270	3.13E+11	V  	
3672	STÂLNI?OARA                      	517191	1	3459	23	3	3	7	1	1.50E+11	150009	3011205	3.44E+21	V  	
3681	VALEA ABRUZEL                    	517192	1	3459	23	3	3	7	1	1.50E+11	150009	3012646	3.91E+25	V  	
3690	VALEA ALB?                       	517193	1	3459	23	3	3	7	1	1.50E+11	150009	3012649	3.91E+19	V  	
3707	VALEA CERBULUI                   	517194	1	3459	23	3	3	7	1	1.50E+11	150009	3012701	3.91E+27	V  	
3716	VALEA NEGRILESII                 	517196	1	3459	23	3	3	7	1	1.50E+11	150009	3012883	3.91E+31	V  	
3725	VALEA POIENII                    	517197	1	3459	23	3	3	7	1	1.50E+11	150009	3012906	3.91E+25	V  	
3734	VALEA ?ESII                      	517198	1	3459	23	3	3	7	1	1.50E+11	150009	3012982	3.91E+21	V  	
3743	V?LENI                           	517199	1	3459	23	3	3	7	1	1.50E+11	150009	3013109	3.94E+11	V  	
3752	VÂLCEA                           	517201	1	3459	23	3	3	7	1	1.50E+11	150009	3013186	3.92E+11	V  	
4106	CÂLNIC                           	0	1	10	3	2	3	7	1	1.50E+11	1	       	1.72E+11	IV 	
4115	CÂLNIC                           	517205	1	4106	22	3	3	7	1	1.50E+11	150010	1002323	1.72E+11	IV 	
4133	DEAL                             	517207	1	4106	23	3	3	7	1	1.50E+11	150010	3003900	18191327	V  	
3761	CENADE                           	0	1	10	3	2	3	7	1	1.50E+11	1	       	1.72E+11	IV 	
3770	CENADE                           	517210	1	3761	22	3	3	7	1	1.50E+11	150011	1002455	1.72E+11	IV 	
3789	CAPU DEALULUI                    	517211	1	3761	23	3	3	7	1	1.50E+11	150011	3002037	1.71E+25	V  	
3798	GORGAN                           	517212	1	3761	23	3	3	7	1	1.50E+11	150011	3005416	2.13E+11	V  	
3805	CERG?U                           	0	1	10	3	2	3	7	1	1.50E+11	1	       	1.72E+11	IV 	
3814	CERG?U MARE                      	517216	1	3805	22	3	3	7	1	1.50E+11	150012	1002490	1.72E+21	IV 	
3823	CERG?U MIC                       	517217	1	3805	23	3	3	7	1	1.50E+11	150012	3002491	1.72E+19	V  	
3832	LUPU                             	517218	1	3805	23	3	3	7	1	1.50E+11	150012	3006915	27383138	V  	
3841	CERU-B?C?IN?I                    	0	1	10	3	2	3	7	1	1.50E+11	1	       	1.72E+25	IV 	
3850	CERU-B?C?IN?I                    	517220	1	3841	22	3	3	7	1	1.50E+11	150013	1002532	1.72E+25	IV 	
3869	BOLOV?NE?TI                      	517221	1	3841	23	3	3	7	1	1.50E+11	150013	3001341	1.63E+21	V  	
3878	BULBUC                           	517222	1	3841	23	3	3	7	1	1.50E+11	150013	3001860	1.64E+11	V  	
3887	CUCUTA                           	517223	1	3841	23	3	3	7	1	1.50E+11	150013	3003673	1.74E+11	V  	
3896	CURPENI                          	517224	1	3841	23	3	3	7	1	1.50E+11	150013	3003732	1.74E+13	V  	
3903	DUMBR?VI?A                       	517226	1	3841	23	3	3	7	1	1.50E+11	150013	3004436	1.84E+19	V  	
3912	FÂNTÂNELE                        	517227	1	3841	23	3	3	7	1	1.50E+11	150013	3004641	2.02E+17	V  	
3921	GRO?I                            	517228	1	3841	23	3	3	7	1	1.50E+11	150013	3005545	2133303023	V  	
3930	VALEA MARE                       	517229	1	3841	23	3	3	7	1	1.50E+11	150013	3012831	3.91E+19	V  	
3949	VIEZURI                          	517231	1	3841	23	3	3	7	1	1.50E+11	150013	3013347	3.92E+13	V  	
3958	CETATEA DE BALT?                 	0	1	10	3	2	3	7	1	1.50E+11	1	       	1.72E+31	IV 	
3967	CETATEA DE BALT?                 	517235	1	3958	22	3	3	7	1	1.50E+11	150014	1002544	1.72E+31	IV 	
3976	CRACIUNELU DE SUS                	517236	1	3958	23	3	3	7	1	1.50E+11	150014	3003481	1.73E+33	V  	
3985	SÂNT?M?RIE                       	517237	1	3958	23	3	3	7	1	1.50E+11	150014	3010646	3.42E+19	V  	
3994	T?TÂRLAUA                        	517238	1	3958	23	3	3	7	1	1.50E+11	150014	3011850	3.64E+17	V  	
1071	CIUGUD                           	0	1	10	3	2	3	7	1	1.50E+11	1	       	1.72E+11	IV 	
1080	CIUGUD                           	517240	1	1071	22	3	3	7	1	1.50E+11	150015	1002886	1.72E+11	IV 	
1099	DRÂMBAR                          	517241	1	1071	23	3	3	7	1	1.50E+11	150015	3004333	1.83E+13	V  	
1115	H?PRIA                           	517243	1	1071	23	3	3	7	1	1.50E+11	150015	3005735	2.22E+11	V  	
1106	LIMBA                            	517242	1	1071	23	3	3	7	1	1.50E+11	150015	3004392	2723281613	V  	
1124	?EU?A                            	517244	1	1071	23	3	3	7	1	1.50E+11	150015	3011548	1319383813	V  	
1133	TELEAC                           	517246	1	1071	23	3	3	7	1	1.50E+11	150015	3011961	3.62E+11	V  	
4008	CIURULEASA                       	0	1	10	3	2	3	7	1	1.50E+11	1	       	1.72E+19	IV 	
4017	CIURULEASA                       	517250	1	4008	22	3	3	7	1	1.50E+11	150016	1002939	1.72E+19	IV 	
4026	BIDIGE?TI                        	517251	1	4008	23	3	3	7	1	1.50E+11	150016	3001071	1.62E+17	V  	
4035	BODRE?TI                         	517252	1	4008	23	3	3	7	1	1.50E+11	150016	3001233	1.63E+15	V  	
4044	BOGLE?TI                         	517253	1	4008	23	3	3	7	1	1.50E+11	150016	3001281	1.63E+15	V  	
4053	BUNINGINEA                       	517254	1	4008	23	3	3	7	1	1.50E+11	150016	3001899	1.64E+19	V  	
4062	GHEDULE?TI                       	517256	1	4008	23	3	3	7	1	1.50E+11	150016	3005156	2.12E+19	V  	
4071	M?TI?E?TI                        	517257	1	4008	23	3	3	7	1	1.50E+11	150016	3007267	2.83E+17	V  	
4080	MOR?RE?TI                        	517258	1	4008	23	3	3	7	1	1.50E+11	150016	3007688	2.83E+17	V  	
4099	VULCAN                           	517259	1	4008	23	3	3	7	1	1.50E+11	150016	3013562	3.94E+11	V  	
4188	CR?CIUNELU DE JOS                	0	1	10	3	2	3	7	1	1.50E+11	1	       	1.73E+33	IV 	
4197	CR?CIUNELU DE JOS                	517260	1	4188	22	3	3	7	1	1.50E+11	150017	1003506	1.73E+33	IV 	
4142	CRIC?U                           	0	1	10	3	2	3	7	1	1.50E+11	1	       	1.73E+11	IV 	
4151	CRIC?U                           	517265	1	4142	22	3	3	7	1	1.50E+11	150018	1003562	1.73E+11	IV 	
4160	CRAIVA                           	517266	1	4142	23	3	3	7	1	1.50E+11	150018	3003493	1.73E+11	V  	
4179	TIBRU                            	517267	1	4142	23	3	3	7	1	1.50E+11	150018	3012006	3623163338	V  	
9019	CUT                              	0	1	10	3	2	3	7	1	1.50E+11	1	       	173836	   	0
4124	CUT                              	517206	1	9019	22	3	3	7	1	1.50E+11	150019	3003759	173836	V  	
4240	DAIA ROMÂN?                      	0	1	10	3	2	3	7	1	1.50E+11	1	       	1.81E+21	IV 	
4259	DAIA ROMÂN?                      	517270	1	4240	22	3	3	7	1	1.50E+11	150020	1003792	1.81E+21	IV 	
4268	DO?TAT                           	0	1	10	3	2	3	7	1	1.50E+11	1	       	1.83E+11	IV 	
4277	DO?TAT                           	517275	1	4268	22	3	3	7	1	1.50E+11	150021	1004232	1.83E+11	IV 	
4286	BOZ                              	517276	1	4268	23	3	3	7	1	1.50E+11	150021	3001474	163042	V  	
4295	DEALU DO?TATULUI                 	517277	1	4268	23	3	3	7	1	1.50E+11	150021	3003921	1.82E+31	V  	
4302	F?R?U                            	0	1	10	3	2	3	7	1	1.50E+11	1	       	2020333338	IV 	
4311	F?R?U                            	517280	1	4302	22	3	3	7	1	1.50E+11	150022	1004582	2020333338	IV 	
4320	HERIA                            	517281	1	4302	23	3	3	7	1	1.50E+11	150022	3005797	2219332313	V  	
4339	MEDVE?                           	517282	1	4302	23	3	3	7	1	1.50E+11	150022	3007332	2.82E+11	V  	
4348	SÂNBENEDIC                       	517283	1	4302	23	3	3	7	1	1.50E+11	150022	3010570	3.42E+19	V  	
4357	?ILEA                            	517284	1	4302	23	3	3	7	1	1.50E+11	150022	3011563	1723271913	V  	
4366	GALDA DE JOS                     	0	1	10	3	2	3	7	1	1.50E+11	1	       	2.11E+23	IV 	
4375	GALDA DE JOS                     	517285	1	4366	22	3	3	7	1	1.50E+11	150023	1004968	2.11E+23	IV 	
4384	BENIC                            	517286	1	4366	23	3	3	7	1	1.50E+11	150023	3000965	1619292317	V  	
4393	CETEA                            	517287	1	4366	23	3	3	7	1	1.50E+11	150023	3002557	1719361913	V  	
4400	GALDA DE SUS                     	517288	1	4366	23	3	3	7	1	1.50E+11	150023	3004969	2.11E+23	V  	
4419	LUP?ENI                          	517289	1	4366	23	3	3	7	1	1.50E+11	150023	3006913	2.74E+13	V  	
4428	M?GURA                           	517291	1	4366	23	3	3	7	1	1.50E+11	150023	3007098	2.83E+11	V  	
4437	MESENTEA                         	517292	1	4366	23	3	3	7	1	1.50E+11	150023	3007381	2.82E+15	V  	
4446	OIEJDEA                          	517293	1	4366	23	3	3	7	1	1.50E+11	150023	3008227	3.02E+13	V  	
4455	POIANA GALDEI                    	517294	1	4366	23	3	3	7	1	1.50E+11	150023	3009209	3.13E+25	V  	
4464	R?ICANI                          	517296	1	4366	23	3	3	7	1	1.50E+11	150023	3009790	3.33E+13	V  	
4473	Z?GRI?                           	517297	1	4366	23	3	3	7	1	1.50E+11	150023	3013619	4.24E+11	V  	
4482	GÂRBOVA                          	0	1	10	3	2	3	7	1	1.50E+11	1	       	2.12E+13	IV 	
4491	GÂRBOVA                          	517305	1	4482	22	3	3	7	1	1.50E+11	150024	1005082	2.12E+13	IV 	
4507	C?RPINI?                         	517306	1	4482	23	3	3	7	1	1.50E+11	150024	3002269	1.72E+15	V  	
4516	RECIU                            	517307	1	4482	23	3	3	7	1	1.50E+11	150024	3009910	3319172338	V  	
4525	GÂRDA DE SUS                     	0	1	10	3	2	3	7	1	1.50E+11	1	       	2.12E+23	IV 	
4534	GÂRDA DE SUS                     	517310	1	4525	22	3	3	7	1	1.50E+11	150025	1005096	2.12E+23	IV 	
4543	BIHARIA                          	517311	1	4525	23	3	3	7	1	1.50E+11	150025	3001077	1.62E+13	V  	
4552	DEALU FRUMOS                     	517312	1	4525	23	3	3	7	1	1.50E+11	150025	3003926	1.82E+23	V  	
4561	DEALU ORDÂNCU?II                 	517313	1	4525	23	3	3	7	1	1.50E+11	150025	3003952	1.82E+31	V  	
4570	DOBRE?TI                         	517314	1	4525	23	3	3	7	1	1.50E+11	150025	3004116	1.83E+15	V  	
4598	GÂRDA SEAC?                      	517316	1	4525	23	3	3	7	1	1.50E+11	150025	3005097	2.12E+21	V  	
4589	GHE?ARI                          	517317	1	4525	23	3	3	7	1	1.50E+11	150025	3005197	2.12E+13	V  	
4605	HAN??E?TI                        	517318	1	4525	23	3	3	7	1	1.50E+11	150025	3005694	2.21E+17	V  	
4614	HUZ?RE?TI                        	517319	1	4525	23	3	3	7	1	1.50E+11	150025	3005988	2.24E+17	V  	
4623	IZVOARELE                        	517321	1	4525	23	3	3	7	1	1.50E+11	150025	3006267	2.34E+17	V  	
4632	MUNUN?                           	517322	1	4525	23	3	3	7	1	1.50E+11	150025	3007816	2.84E+11	V  	
4641	OCOALE                           	517323	1	4525	23	3	3	7	1	1.50E+11	150025	3008167	3.02E+11	V  	
4650	PLAI                             	517324	1	4525	23	3	3	7	1	1.50E+11	150025	3008943	31271323	V  	
4669	PLI?TI                           	517326	1	4525	23	3	3	7	1	1.50E+11	150025	3009001	3.13E+11	V  	
4678	SCOAR?A                          	517327	1	4525	23	3	3	7	1	1.50E+11	150025	3010746	3.42E+13	V  	
4696	SNIDE                            	517328	1	4525	23	3	3	7	1	1.50E+11	150025	3011064	3429231819	V  	
4687	SUCE?TI                          	517329	1	4525	23	3	3	7	1	1.50E+11	150025	3011385	3.44E+13	V  	
4703	HOPÂRTA                          	0	1	10	3	2	3	7	1	1.50E+11	1	       	2.23E+13	IV 	
4712	HOPÂRTA                          	517335	1	4703	22	3	3	7	1	1.50E+11	150026	1005890	2.23E+13	IV 	
4721	SILIVA?                          	517336	1	4703	23	3	3	7	1	1.50E+11	150026	3010926	3.42E+13	V  	
4730	?P?LNACA                         	517337	1	4703	23	3	3	7	1	1.50E+11	150026	3011664	1.33E+15	V  	
4749	TURDA?                           	517338	1	4703	23	3	3	7	1	1.50E+11	150026	3012293	3.64E+11	V  	
4758	VAMA SEAC?                       	517339	1	4703	23	3	3	7	1	1.50E+11	150026	3013037	3.91E+19	V  	
4767	HOREA                            	0	1	10	3	2	3	7	1	1.50E+11	1	       	2230331913	IV 	
4776	HOREA                            	517340	1	4767	22	3	3	7	1	1.50E+11	150027	1005897	2230331913	IV 	
4785	BABA                             	517341	1	4767	23	3	3	7	1	1.50E+11	150027	3000389	16131613	V  	
4794	BUTE?TI                          	517342	1	4767	23	3	3	7	1	1.50E+11	150027	3001961	1.64E+13	V  	
4801	DÂRLE?TI                         	517343	1	4767	23	3	3	7	1	1.50E+11	150027	3003886	1.82E+15	V  	
4810	FERICET                          	517344	1	4767	23	3	3	7	1	1.50E+11	150027	3004700	2.02E+13	V  	
4829	GIURGIU?                         	517346	1	4767	23	3	3	7	1	1.50E+11	150027	3005307	2.12E+15	V  	
4838	M?NCE?TI                         	517347	1	4767	23	3	3	7	1	1.50E+11	150027	3007177	2.83E+15	V  	
4847	M?TI?E?TI                        	517348	1	4767	23	3	3	7	1	1.50E+11	150027	3007266	2.83E+17	V  	
4856	NICULE?TI                        	517349	1	4767	23	3	3	7	1	1.50E+11	150027	3008036	2.92E+17	V  	
4865	P?TRU?E?TI                       	517351	1	4767	23	3	3	7	1	1.50E+11	150027	3008582	3.13E+19	V  	
4874	PETREASA                         	517352	1	4767	23	3	3	7	1	1.50E+11	150027	3008765	3.12E+15	V  	
4883	PRELUCA                          	517353	1	4767	23	3	3	7	1	1.50E+11	150027	3009479	3.13E+13	V  	
4892	TEIU                             	517354	1	4767	23	3	3	7	1	1.50E+11	150027	3011947	36192338	V  	
4909	TRIFE?TI                         	517356	1	4767	23	3	3	7	1	1.50E+11	150027	3012220	3.63E+15	V  	
4918	ZÂNZE?TI                         	517357	1	4767	23	3	3	7	1	1.50E+11	150027	3013662	4.22E+15	V  	
4927	IGHIU                            	0	1	10	3	2	3	7	1	1.50E+11	1	       	2321222338	IV 	
4936	IGHIU                            	517360	1	4927	22	3	3	7	1	1.50E+11	150028	1006097	2321222338	IV 	
4945	BUCERDEA VINOAS?                 	517361	1	4927	23	3	3	7	1	1.50E+11	150028	3001710	1.64E+31	V  	
4954	IGHIEL                           	517362	1	4927	23	3	3	7	1	1.50E+11	150028	3006094	2.32E+11	V  	
4963	?ARD                             	517363	1	4927	23	3	3	7	1	1.50E+11	150028	3011475	27133318	V  	
4972	?ELNA                            	517364	1	4927	23	3	3	7	1	1.50E+11	150028	3012355	1819272913	V  	
4981	ÎNTREGALDE                       	0	1	10	3	2	3	7	1	1.50E+11	1	       	2.43E+19	IV 	
4990	ÎNTREGALDE                       	517365	1	4981	22	3	3	7	1	1.50E+11	150029	1006328	2.43E+19	IV 	
5005	DEALU GEOAGIULUI                 	517366	1	4981	23	3	3	7	1	1.50E+11	150029	3003929	1.82E+31	V  	
5014	GHIONCANI                        	517367	1	4981	23	3	3	7	1	1.50E+11	150029	3005237	2.12E+17	V  	
5023	ILIE?TI                          	517368	1	4981	23	3	3	7	1	1.50E+11	150029	3006123	2.33E+13	V  	
5032	IV?NI?                           	517369	1	4981	23	3	3	7	1	1.50E+11	150029	3006242	2.34E+11	V  	
5041	M?RINE?TI                        	517371	1	4981	23	3	3	7	1	1.50E+11	150029	3007230	2.83E+17	V  	
5050	MODOLE?TI                        	517372	1	4981	23	3	3	7	1	1.50E+11	150029	3007626	2.83E+17	V  	
5069	NECRILE?TI                       	517373	1	4981	23	3	3	7	1	1.50E+11	150029	3007914	2.92E+19	V  	
5078	POPE?TI                          	517374	1	4981	23	3	3	7	1	1.50E+11	150029	3009358	3.13E+13	V  	
5087	SFÂRCEA                          	517376	1	4981	23	3	3	7	1	1.50E+11	150029	3010868	3.42E+13	V  	
5096	TEC?E?TI                         	517377	1	4981	23	3	3	7	1	1.50E+11	150029	3011934	3.62E+15	V  	
5103	JIDVEI                           	0	1	10	3	2	3	7	1	1.50E+11	1	       	2.52E+11	IV 	
5112	JIDVEI                           	517385	1	5103	22	3	3	7	1	1.50E+11	150030	1006365	2.52E+11	IV 	
5121	B?LCACIU                         	517386	1	5103	23	3	3	7	1	1.50E+11	150030	3000655	1.62E+15	V  	
5130	C?PÂLNA DE JOS                   	517387	1	5103	23	3	3	7	1	1.50E+11	150030	3002222	1.72E+27	V  	
5149	FEISA                            	517388	1	5103	23	3	3	7	1	1.50E+11	150030	3004672	2019233413	V  	
5158	VESEU?                           	517389	1	5103	23	3	3	7	1	1.50E+11	150030	3013307	3.92E+11	V  	
5167	LIVEZILE                         	0	1	10	3	2	3	7	1	1.50E+11	1	       	2.72E+15	IV 	
5176	LIVEZILE                         	517390	1	5167	22	3	3	7	1	1.50E+11	150031	1006702	2.72E+15	IV 	
5185	IZVOARELE                        	517391	1	5167	23	3	3	7	1	1.50E+11	150031	3006270	2.34E+17	V  	
5194	POIANA AIUDULUI                  	517392	1	5167	23	3	3	7	1	1.50E+11	150031	3009194	3.13E+29	V  	
5201	V?LI?OARA                        	517393	1	5167	23	3	3	7	1	1.50E+11	150031	3013140	3.94E+17	V  	
5210	LOPADEA NOU?                     	0	1	10	3	2	3	7	1	1.50E+11	1	       	2.73E+23	IV 	
5229	LOPADEA NOU?                     	517395	1	5210	22	3	3	7	1	1.50E+11	150032	1006719	2.73E+23	IV 	
5238	ASINIP                           	517396	1	5210	23	3	3	7	1	1.50E+11	150032	3000349	1.33E+11	V  	
5256	B?G?U                            	517397	1	5210	23	3	3	7	1	1.50E+11	150032	3000591	1616212138	V  	
5247	BE?A                             	517398	1	5210	23	3	3	7	1	1.50E+11	150032	3001038	16191913	V  	
5265	CICÂRD                           	517399	1	5210	23	3	3	7	1	1.50E+11	150032	3002728	1.72E+11	V  	
5274	CIUGUZEL                         	517401	1	5210	23	3	3	7	1	1.50E+11	150032	3002889	1.72E+15	V  	
5283	OCNI?OARA                        	517402	1	5210	23	3	3	7	1	1.50E+11	150032	3008163	3.02E+17	V  	
5292	ODVEREM                          	517403	1	5210	23	3	3	7	1	1.50E+11	150032	3008195	3.02E+13	V  	
5309	LUNCA MURE?ULUI                  	0	1	10	3	2	3	7	1	1.50E+11	1	       	2.74E+29	IV 	
5318	LUNCA MURE?ULUI                  	517405	1	5309	22	3	3	7	1	1.50E+11	150033	1006844	2.74E+29	IV 	
5327	GURA ARIE?ULUI                   	517406	1	5309	23	3	3	7	1	1.50E+11	150033	3005586	2.14E+27	V  	
5336	LUP?A                            	0	1	10	3	2	3	7	1	1.50E+11	1	       	2738313113	IV 	
5345	LUP?A                            	517410	1	5336	22	3	3	7	1	1.50E+11	150034	1006908	2738313113	IV 	
5354	BÂRDE?TI                         	517411	1	5336	23	3	3	7	1	1.50E+11	150034	3000827	1.62E+15	V  	
5363	BÂRZAN                           	517412	1	5336	23	3	3	7	1	1.50E+11	150034	3000875	1.62E+11	V  	
5372	CURM?TUR?                        	517413	1	5336	23	3	3	7	1	1.50E+11	150034	3003730	1.74E+17	V  	
5381	DUP? DEAL                        	517414	1	5336	23	3	3	7	1	1.50E+11	150034	3004473	1.84E+17	V  	
5390	GEAM?NA                          	517416	1	5336	23	3	3	7	1	1.50E+11	150034	3005123	2.12E+13	V  	
5407	H?D?R?U                          	517417	1	5336	23	3	3	7	1	1.50E+11	150034	3005713	2.22E+13	V  	
5416	HOLOBANI                         	517418	1	5336	23	3	3	7	1	1.50E+11	150034	3005872	2.23E+15	V  	
5425	LAZURI                           	517419	1	5336	23	3	3	7	1	1.50E+11	150034	3006479	2.71E+11	V  	
5434	LUNCA                            	517421	1	5336	23	3	3	7	1	1.50E+11	150034	3006795	2738291713	V  	
5443	M?N?STIRE                        	517422	1	5336	23	3	3	7	1	1.50E+11	150034	3007163	2.83E+17	V  	
5452	M?RGAIA                          	517423	1	5336	23	3	3	7	1	1.50E+11	150034	3007214	2.83E+13	V  	
5461	MU?CA                            	517424	1	5336	23	3	3	7	1	1.50E+11	150034	3007841	2838381713	V  	
5489	PÂRÂU-C?RBUN?RI                  	517426	1	5336	23	3	3	7	1	1.50E+11	150034	3008648	3.12E+29	V  	
5470	PI?IGA                           	517427	1	5336	23	3	3	7	1	1.50E+11	150034	3008936	3.12E+11	V  	
5498	PO?OGANI                         	517428	1	5336	23	3	3	7	1	1.50E+11	150034	3009409	3.13E+15	V  	
5504	?ASA                             	517429	1	5336	23	3	3	7	1	1.50E+11	150034	3011482	23133413	V  	
5513	TRIFE?TI                         	517431	1	5336	23	3	3	7	1	1.50E+11	150034	3012219	3.63E+15	V  	
5522	VALEA HOLHORII                   	517432	1	5336	23	3	3	7	1	1.50E+11	150034	3012758	3.91E+27	V  	
5531	VALEA LUP?II                     	517433	1	5336	23	3	3	7	1	1.50E+11	150034	3012809	3.91E+23	V  	
5540	VALEA ?ESII                      	517434	1	5336	23	3	3	7	1	1.50E+11	150034	3012983	3.91E+21	V  	
5559	V?I                              	517436	1	5336	23	3	3	7	1	1.50E+11	150034	3013090	393923	V  	
5568	VIN?A                            	517437	1	5336	23	3	3	7	1	1.50E+11	150034	3013397	3923292913	V  	
5577	METE?                            	0	1	10	3	2	3	7	1	1.50E+11	1	       	2819361919	IV 	
5586	METE?                            	517445	1	5577	22	3	3	7	1	1.50E+11	150035	1007400	2819361919	IV 	
5595	AMPOI?A                          	517446	1	5577	23	3	3	7	1	1.50E+11	150035	3000201	1.33E+13	V  	
5602	ISCA                             	517447	1	5577	23	3	3	7	1	1.50E+11	150035	3006208	23341713	V  	
5611	LUNCA AMPOI?EI                   	517448	1	5577	23	3	3	7	1	1.50E+11	150035	3006811	2.74E+27	V  	
5620	LUNCA METE?ULUI                  	517449	1	5577	23	3	3	7	1	1.50E+11	150035	3006842	2.74E+29	V  	
5639	P?DUREA                          	517451	1	5577	23	3	3	7	1	1.50E+11	150035	3008482	3.13E+13	V  	
5648	POIANA AMPOIULUI                 	517452	1	5577	23	3	3	7	1	1.50E+11	150035	3009195	3.13E+31	V  	
5657	POIANA URSULUI                   	517453	1	5577	23	3	3	7	1	1.50E+11	150035	3009247	3.13E+27	V  	
5666	PRESACA AMPOIULUI                	517454	1	5577	23	3	3	7	1	1.50E+11	150035	3009492	3.13E+33	V  	
5675	REMETEA                          	517456	1	5577	23	3	3	7	1	1.50E+11	150035	3009935	3.32E+13	V  	
5684	T?U?I                            	517457	1	5577	23	3	3	7	1	1.50E+11	150035	3011868	3636383823	V  	
5693	V?LENI                           	517458	1	5577	23	3	3	7	1	1.50E+11	150035	3013115	3.94E+11	V  	
5700	MIHAL?                           	0	1	10	3	2	3	7	1	1.50E+11	1	       	2.82E+11	IV 	
5719	MIHAL?                           	517465	1	5700	22	3	3	7	1	1.50E+11	150036	1007467	2.82E+11	IV 	
5728	CISTEI                           	517466	1	5700	23	3	3	7	1	1.50E+11	150036	3002866	1.72E+11	V  	
5737	OBREJA                           	517467	1	5700	23	3	3	7	1	1.50E+11	150036	3008142	3.02E+11	V  	
5746	Z?RIE?                           	517468	1	5700	23	3	3	7	1	1.50E+11	150036	3013638	4.24E+11	V  	
5755	MIR?SL?U                         	0	1	10	3	2	3	7	1	1.50E+11	1	       	2.82E+15	IV 	
5764	MIR?SL?U                         	517470	1	5755	22	3	3	7	1	1.50E+11	150037	1007538	2.82E+15	IV 	
5773	CIC?U                            	517471	1	5755	23	3	3	7	1	1.50E+11	150037	3002727	1723171738	V  	
5782	DECEA                            	517472	1	5755	23	3	3	7	1	1.50E+11	150037	3003971	1819171913	V  	
5791	LOPADEA VECHE                    	517473	1	5755	23	3	3	7	1	1.50E+11	150037	3006720	2.73E+25	V  	
5808	ORMENI?                          	517474	1	5755	23	3	3	7	1	1.50E+11	150037	3008335	3.03E+13	V  	
5817	RACHI?                           	517476	1	5755	23	3	3	7	1	1.50E+11	150037	3009648	3.31E+11	V  	
5826	MOGO?                            	0	1	10	3	2	3	7	1	1.50E+11	1	       	2830213030	IV 	
5835	MOGO?                            	517480	1	5826	22	3	3	7	1	1.50E+11	150038	1007636	2830213030	IV 	
5844	B?RBE?TI                         	517481	1	5826	23	3	3	7	1	1.50E+11	150038	3000759	1.62E+15	V  	
5853	BÂRLE?TI                         	517482	1	5826	23	3	3	7	1	1.50E+11	150038	3000839	1.62E+15	V  	
5862	BÂRLE?TI-C?TUN                   	517483	1	5826	23	3	3	7	1	1.50E+11	150038	3000841	1.62E+27	V  	
5871	BÂRZOGANI                        	517484	1	5826	23	3	3	7	1	1.50E+11	150038	3000884	1.62E+17	V  	
5880	BOCE?TI                          	517486	1	5826	23	3	3	7	1	1.50E+11	150038	3001197	1.63E+13	V  	
5899	BOGD?NE?TI                       	517487	1	5826	23	3	3	7	1	1.50E+11	150038	3001265	1.63E+19	V  	
5906	BUTE?TI                          	517488	1	5826	23	3	3	7	1	1.50E+11	150038	3001960	1.64E+13	V  	
5915	COJOCANI                         	517489	1	5826	23	3	3	7	1	1.50E+11	150038	3003055	1.73E+15	V  	
5924	CRISTE?TI                        	517491	1	5826	23	3	3	7	1	1.50E+11	150038	3003573	1.73E+17	V  	
5933	M?M?LIGANI                       	517492	1	5826	23	3	3	7	1	1.50E+11	150038	3007157	2.83E+19	V  	
5942	NEGRE?TI                         	517493	1	5826	23	3	3	7	1	1.50E+11	150038	3007954	2.92E+15	V  	
5951	ONCE?TI                          	517494	1	5826	23	3	3	7	1	1.50E+11	150038	3008274	3.03E+13	V  	
5960	POIENILE-MOGO?                   	517496	1	5826	23	3	3	7	1	1.50E+11	150038	3009291	3.13E+27	V  	
5979	TOME?TI                          	517497	1	5826	23	3	3	7	1	1.50E+11	150038	3012108	3.63E+13	V  	
5997	VALEA BARNII                     	517498	1	5826	23	3	3	7	1	1.50E+11	150038	3012663	3.91E+23	V  	
5988	VALEA BÂRLU?E?TI                 	517499	1	5826	23	3	3	7	1	1.50E+11	150038	3012666	3.91E+31	V  	
6002	VALEA COCE?TI                    	517501	1	5826	23	3	3	7	1	1.50E+11	150038	3012711	3.91E+25	V  	
6011	VALEA GIOGE?TI                   	517502	1	5826	23	3	3	7	1	1.50E+11	150038	3012749	3.91E+27	V  	
6020	VALEA MLACII                     	517503	1	5826	23	3	3	7	1	1.50E+11	150038	3012869	3.91E+23	V  	
6039	VALEA ?UPILOR                    	517504	1	5826	23	3	3	7	1	1.50E+11	150038	3012994	3.91E+25	V  	
6048	NO?LAC                           	0	1	10	3	2	3	7	1	1.50E+11	1	       	2.93E+11	IV 	
6057	NO?LAC                           	517515	1	6048	22	3	3	7	1	1.50E+11	150043	1008077	2.93E+11	IV 	
6066	C?PT?LAN                         	517516	1	6048	23	3	3	7	1	1.50E+11	150043	3002237	1.72E+15	V  	
6075	COPAND                           	517517	1	6048	23	3	3	7	1	1.50E+11	150043	3003171	1.73E+11	V  	
6084	G?BUD                            	517518	1	6048	23	3	3	7	1	1.50E+11	150043	3004997	2121163818	V  	
6093	STÂNA DE MURE?                   	517519	1	6048	23	3	3	7	1	1.50E+11	150043	3011211	3.44E+27	V  	
6100	VALEA CIUCIULUI                  	517521	1	6048	23	3	3	7	1	1.50E+11	150043	3012709	3.91E+29	V  	
6119	OCOLI?                           	0	1	10	3	2	3	7	1	1.50E+11	1	       	3.02E+11	IV 	
6128	OCOLI?                           	517525	1	6119	22	3	3	7	1	1.50E+11	150044	1008168	3.02E+11	IV 	
6137	LUNCA LARG?                      	517526	1	6119	23	3	3	7	1	1.50E+11	150044	3006837	2.74E+21	V  	
6146	RUNC                             	517527	1	6119	23	3	3	7	1	1.50E+11	150044	3010162	33382917	V  	
6155	VIDOLM                           	517528	1	6119	23	3	3	7	1	1.50E+11	150044	3013338	3.92E+11	V  	
6164	OHABA                            	0	1	10	3	2	3	7	1	1.50E+11	1	       	3022131613	IV 	
6173	OHABA                            	517530	1	6164	22	3	3	7	1	1.50E+11	150045	1008211	3022131613	IV 	
6182	COLIBI                           	517531	1	6164	23	3	3	7	1	1.50E+11	150045	3003079	1.73E+11	V  	
6191	M?GHIERAT                        	517532	1	6164	23	3	3	7	1	1.50E+11	150045	3007085	2.83E+17	V  	
6208	SEC??EL                          	517533	1	6164	23	3	3	7	1	1.50E+11	150045	3010805	3.42E+13	V  	
6217	PIANU                            	0	1	10	3	2	3	7	1	1.50E+11	1	       	3123132938	IV 	
6226	PIANU DE SUS                     	517537	1	6217	22	3	3	7	1	1.50E+11	150053	1008814	3.12E+23	IV 	
6235	PIANU DE JOS                     	517536	1	6217	23	3	3	7	1	1.50E+11	150053	3008813	3.12E+23	V  	
6244	PLAIURI                          	517538	1	6217	23	3	3	7	1	1.50E+11	150053	3008954	3.13E+13	V  	
6253	PURC?RE?I                        	517539	1	6217	23	3	3	7	1	1.50E+11	150053	3009617	3.14E+17	V  	
6262	STRUNGARI                        	517541	1	6217	23	3	3	7	1	1.50E+11	150053	3011353	3.44E+17	V  	
6271	POIANA VADULUI                   	0	1	10	3	2	3	7	1	1.50E+11	1	       	3.13E+27	IV 	
6280	POIANA VADULUI                   	517545	1	6271	22	3	3	7	1	1.50E+11	150054	1009248	3.13E+27	IV 	
6299	COSTE?TI                         	517546	1	6271	23	3	3	7	1	1.50E+11	150054	3003345	1.73E+15	V  	
6306	DUDUIENI                         	517547	1	6271	23	3	3	7	1	1.50E+11	150054	3004372	1.84E+15	V  	
6315	F?GETU DE JOS                    	517548	1	6271	23	3	3	7	1	1.50E+11	150054	3004565	2.02E+25	V  	
6324	F?GETU DE SUS                    	517549	1	6271	23	3	3	7	1	1.50E+11	150054	3004566	2.02E+25	V  	
6333	H?N??E?TI                        	517551	1	6271	23	3	3	7	1	1.50E+11	150054	3005731	2.22E+17	V  	
6342	LUP?IE?TI                        	517552	1	6271	23	3	3	7	1	1.50E+11	150054	3006891	2.74E+17	V  	
6351	MORC?NE?TI                       	517553	1	6271	23	3	3	7	1	1.50E+11	150054	3007693	2.83E+19	V  	
6360	P??TE?TI                         	517554	1	6271	23	3	3	7	1	1.50E+11	150054	3008569	3.13E+15	V  	
6379	PETELEI                          	517556	1	6271	23	3	3	7	1	1.50E+11	150054	3008750	3.12E+13	V  	
6388	ST?NE?TI                         	517557	1	6271	23	3	3	7	1	1.50E+11	150054	3011185	3.44E+15	V  	
6397	PONOR                            	0	1	10	3	2	3	7	1	1.50E+11	1	       	3130293033	IV 	
6404	PONOR                            	517565	1	6397	22	3	3	7	1	1.50E+11	150055	1009329	3130293033	IV 	
6413	DUPA DEAL                        	517566	1	6397	23	3	3	7	1	1.50E+11	150055	3004472	1.84E+17	V  	
6422	GEOGEL                           	517567	1	6397	23	3	3	7	1	1.50E+11	150055	3005141	2.12E+11	V  	
6431	M?C?RE?TI                        	517568	1	6397	23	3	3	7	1	1.50E+11	150055	3007052	2.83E+17	V  	
6459	VALE IN JOS                      	517569	1	6397	23	3	3	7	1	1.50E+11	150055	3012640	3.91E+21	V  	
6440	VALEA BUCURULUI                  	517571	1	6397	23	3	3	7	1	1.50E+11	150055	3012684	3.91E+29	V  	
6468	PO?AGA                           	0	1	10	3	2	3	7	1	1.50E+11	1	       	3.13E+11	IV 	
6477	PO?AGA DE JOS                    	517581	1	6468	22	3	3	7	1	1.50E+11	150056	1009407	3.13E+25	IV 	
6486	COR?E?TI                         	517576	1	6468	23	3	3	7	1	1.50E+11	150056	3003310	1.73E+15	V  	
6495	INCE?TI                          	517577	1	6468	23	3	3	7	1	1.50E+11	150056	3006145	2.33E+13	V  	
6501	LUNCA                            	517578	1	6468	23	3	3	7	1	1.50E+11	150056	3006786	2738291713	V  	
6510	OR??TI                           	517579	1	6468	23	3	3	7	1	1.50E+11	150056	3008311	3.03E+11	V  	
6529	PO?AGA DE SUS                    	517582	1	6468	23	3	3	7	1	1.50E+11	150056	3009408	3.13E+25	V  	
6538	S?GAGEA                          	517583	1	6468	23	3	3	7	1	1.50E+11	150056	3010244	3.41E+13	V  	
6547	R?DE?TI                          	0	1	10	3	2	3	7	1	1.50E+11	1	       	3.33E+13	IV 	
6556	R?DE?TI                          	517585	1	6547	22	3	3	7	1	1.50E+11	150057	1009768	3.33E+13	IV 	
6565	LEORIN?                          	517586	1	6547	23	3	3	7	1	1.50E+11	150057	3006575	2.72E+13	V  	
6574	ME?CREAC                         	517587	1	6547	23	3	3	7	1	1.50E+11	150057	3007396	2.82E+15	V  	
6583	?OIMU?                           	517588	1	6547	23	3	3	7	1	1.50E+11	150057	3011631	1.73E+11	V  	
6627	RÂME?                            	0	1	10	3	2	3	7	1	1.50E+11	1	       	3315281919	IV 	
6636	RÂME?                            	517590	1	6627	22	3	3	7	1	1.50E+11	150058	1009848	3315281919	IV 	
6645	BO?ANI                           	517591	1	6627	23	3	3	7	1	1.50E+11	150058	3001462	1.63E+11	V  	
6654	BR?DE?TI                         	517592	1	6627	23	3	3	7	1	1.50E+11	150058	3001552	1.63E+15	V  	
6663	CHEIA                            	517593	1	6627	23	3	3	7	1	1.50E+11	150058	3002575	1722192313	V  	
6672	COTOR??TI                        	517594	1	6627	23	3	3	7	1	1.50E+11	150058	3003421	1.73E+17	V  	
6681	FLORE?TI                         	517596	1	6627	23	3	3	7	1	1.50E+11	150058	3004787	2.03E+15	V  	
6690	OLTENI                           	517597	1	6627	23	3	3	7	1	1.50E+11	150058	3008263	3.03E+11	V  	
6707	VALEA F?GETULUI                  	517598	1	6627	23	3	3	7	1	1.50E+11	150058	3012740	3.91E+29	V  	
6716	VALEA INZELULUI                  	517599	1	6627	23	3	3	7	1	1.50E+11	150058	3012765	3.91E+29	V  	
6725	VALEA M?N?STIRII                 	517601	1	6627	23	3	3	7	1	1.50E+11	150058	3012852	3.91E+31	V  	
6734	VALEA POIENII                    	517602	1	6627	23	3	3	7	1	1.50E+11	150058	3012907	3.91E+25	V  	
6743	VALEA UZEI                       	517603	1	6627	23	3	3	7	1	1.50E+11	150058	3013012	3.91E+19	V  	
6752	VL?DE?TI                         	517604	1	6627	23	3	3	7	1	1.50E+11	150058	3013475	3.93E+15	V  	
6592	RIMETEA                          	0	1	10	3	2	3	7	1	1.50E+11	1	       	3.32E+13	IV 	
6609	RIMETEA                          	517610	1	6592	22	3	3	7	1	1.50E+11	150059	1009973	3.32E+13	IV 	
6618	COL?E?TI                         	517611	1	6592	23	3	3	7	1	1.50E+11	150059	3003100	1.73E+15	V  	
6930	RO?IA DE SECA?                   	0	1	10	3	2	3	7	1	1.50E+11	1	       	3.33E+27	IV 	
6949	RO?A DE SECA?                    	517640	1	6930	22	3	3	7	1	1.50E+11	150060	1010069	3.33E+25	IV 	
6958	T?U                              	517641	1	6930	23	3	3	7	1	1.50E+11	150060	3011853	363638	V  	
6967	UNGUREI                          	517642	1	6930	23	3	3	7	1	1.50E+11	150060	3012491	3.83E+13	V  	
6761	RO?IA MONTAN?                    	0	1	10	3	2	3	7	1	1.50E+11	1	       	3.33E+25	IV 	
6770	RO?IA MONTAN?                    	517615	1	6761	22	3	3	7	1	1.50E+11	150061	1010071	3.33E+25	IV 	
6789	B?LMO?E?TI                       	517616	1	6761	23	3	3	7	1	1.50E+11	150061	3000674	1.62E+19	V  	
6798	BLIDE?TI                         	517617	1	6761	23	3	3	7	1	1.50E+11	150061	3001164	1.63E+15	V  	
6805	BUNTA                            	517618	1	6761	23	3	3	7	1	1.50E+11	150061	3001901	1638293613	V  	
6814	C?RPINI?                         	517619	1	6761	23	3	3	7	1	1.50E+11	150061	3002267	1.72E+15	V  	
6823	COASTA HEN?II                    	517621	1	6761	23	3	3	7	1	1.50E+11	150061	3002991	1.73E+25	V  	
6832	CORNA                            	517622	1	6761	23	3	3	7	1	1.50E+11	150061	3003238	1730332913	V  	
6841	CUR?TURI                         	517623	1	6761	23	3	3	7	1	1.50E+11	150061	3003713	1.74E+15	V  	
6850	D?ROAIA                          	517624	1	6761	23	3	3	7	1	1.50E+11	150061	3003855	1.82E+13	V  	
6869	GÂRDA-B?RBULE?TI                 	517626	1	6761	23	3	3	7	1	1.50E+11	150061	3005098	2.12E+31	V  	
6878	GURA RO?IEI                      	517627	1	6761	23	3	3	7	1	1.50E+11	150061	3005622	2.14E+21	V  	
6887	IACOBE?TI                        	517628	1	6761	23	3	3	7	1	1.50E+11	150061	3006001	2.31E+17	V  	
6896	IGN??E?TI                        	517629	1	6761	23	3	3	7	1	1.50E+11	150061	3006101	2.32E+17	V  	
6903	?OAL                             	517631	1	6761	23	3	3	7	1	1.50E+11	150061	3011616	23301327	V  	
6912	?ARINA                           	517632	1	6761	23	3	3	7	1	1.50E+11	150061	3012329	2.71E+11	V  	
6921	VÂRTOP                           	517633	1	6761	23	3	3	7	1	1.50E+11	150061	3013265	3.92E+11	V  	
6976	S?LCIUA                          	0	1	10	3	2	3	7	1	1.50E+11	1	       	3.43E+13	IV 	
6985	S?LCIUA DE JOS                   	517648	1	6976	22	3	3	7	1	1.50E+11	150062	1010437	3.43E+27	IV 	
6994	DEALU CASELOR                    	517646	1	6976	23	3	3	7	1	1.50E+11	150062	3003915	1.82E+25	V  	
7008	DUME?TI                          	517647	1	6976	23	3	3	7	1	1.50E+11	150062	3004448	1.84E+13	V  	
7017	S?LCIUA DE SUS                   	517649	1	6976	23	3	3	7	1	1.50E+11	150062	3010438	3.43E+27	V  	
7026	SUB PIATR?                       	517651	1	6976	23	3	3	7	1	1.50E+11	150062	3011378	3.44E+19	V  	
7035	VALEA LARG?                      	517652	1	6976	23	3	3	7	1	1.50E+11	150062	3012772	3.91E+21	V  	
7044	S?LI?TEA                         	0	1	10	3	2	3	7	1	1.50E+11	1	       	3.43E+15	IV 	
7053	S?LI?TEA                         	517655	1	7044	22	3	3	7	1	1.50E+11	150063	1010462	3.43E+15	IV 	
7062	M?RGINENI                        	517656	1	7044	23	3	3	7	1	1.50E+11	150063	3007223	2.83E+17	V  	
7071	S?LI?TEA-DEAL                    	517657	1	7044	23	3	3	7	1	1.50E+11	150063	3010466	3.43E+25	V  	
7080	T?RT?RIA                         	517658	1	7044	23	3	3	7	1	1.50E+11	150063	3011825	3.64E+15	V  	
7099	S?SCIORI                         	0	1	10	3	2	3	7	1	1.50E+11	1	       	3.43E+15	IV 	
7106	S?SCIORI                         	517660	1	7099	22	3	3	7	1	1.50E+11	150064	1010529	3.43E+15	IV 	
7115	C?PÂLNA                          	517661	1	7099	23	3	3	7	1	1.50E+11	150064	3002221	1.72E+13	V  	
7124	DUMBRAVA                         	517662	1	7099	23	3	3	7	1	1.50E+11	150064	3004403	1.84E+15	V  	
7133	LAZ                              	517663	1	7099	23	3	3	7	1	1.50E+11	150064	3006464	271342	V  	
7142	LOMAN                            	517664	1	7099	23	3	3	7	1	1.50E+11	150064	3006717	2730281329	V  	
7151	PLE?I                            	517666	1	7099	23	3	3	7	1	1.50E+11	150064	3008992	3127191923	V  	
7160	R?CHITA                          	517667	1	7099	23	3	3	7	1	1.50E+11	150064	3009734	3.33E+13	V  	
7179	SEBE?EL                          	517668	1	7099	23	3	3	7	1	1.50E+11	150064	3010794	3.42E+13	V  	
7188	TONEA                            	517669	1	7099	23	3	3	7	1	1.50E+11	150064	3012128	3630291913	V  	
7348	SÂNCEL                           	0	1	10	3	2	3	7	1	1.50E+11	1	       	3.42E+11	IV 	
7357	SÂNCEL                           	517670	1	7348	22	3	3	7	1	1.50E+11	150065	1010572	3.42E+11	IV 	
7366	ICLOD                            	517671	1	7348	23	3	3	7	1	1.50E+11	150065	3006052	2317273018	V  	
7375	P?NADE                           	517672	1	7348	23	3	3	7	1	1.50E+11	150065	3008549	3.13E+11	V  	
7384	SÂNTIMBRU                        	0	1	10	3	2	3	7	1	1.50E+11	1	       	3.42E+17	IV 	
7393	SÂNTIMBRU                        	517675	1	7384	22	3	3	7	1	1.50E+11	150066	1010650	3.42E+17	IV 	
7400	CO?LARIU                         	517676	1	7384	23	3	3	7	1	1.50E+11	150066	3003391	1.73E+15	V  	
7419	DUMITRA                          	517677	1	7384	23	3	3	7	1	1.50E+11	150066	3004453	1.84E+13	V  	
7428	GALTIU                           	517678	1	7384	23	3	3	7	1	1.50E+11	150066	3004979	2.11E+11	V  	
7437	TOTOI                            	517679	1	7384	23	3	3	7	1	1.50E+11	150066	3012171	3630363023	V  	
7197	SC?RI?OARA                       	0	1	10	3	2	3	7	1	1.50E+11	1	       	3.42E+19	IV 	
7204	SC?RI?OARA                       	517680	1	7197	22	3	3	7	1	1.50E+11	150067	1010697	3.42E+19	IV 	
7213	BÂRLE?TI                         	517681	1	7197	23	3	3	7	1	1.50E+11	150067	3000837	1.62E+15	V  	
7222	BOTE?TI                          	517682	1	7197	23	3	3	7	1	1.50E+11	150067	3001440	1.63E+13	V  	
7231	FA?A-L?ZE?TI                     	517683	1	7197	23	3	3	7	1	1.50E+11	150067	3004543	2.01E+23	V  	
7240	FLORE?TI                         	517684	1	7197	23	3	3	7	1	1.50E+11	150067	3004793	2.03E+15	V  	
7259	L?ZE?TI                          	517686	1	7197	23	3	3	7	1	1.50E+11	150067	3006534	2.73E+13	V  	
7268	LESPEZEA                         	517687	1	7197	23	3	3	7	1	1.50E+11	150067	3006586	2.72E+15	V  	
7277	MA?EI                            	517688	1	7197	23	3	3	7	1	1.50E+11	150067	3007045	2813131923	V  	
7286	NEGE?TI                          	517689	1	7197	23	3	3	7	1	1.50E+11	150067	3007922	2.92E+13	V  	
7295	PRELUC?                          	517691	1	7197	23	3	3	7	1	1.50E+11	150067	3009484	3.13E+13	V  	
7302	RUNC                             	517692	1	7197	23	3	3	7	1	1.50E+11	150067	3010161	33382917	V  	
7311	SFOARTEA                         	517693	1	7197	23	3	3	7	1	1.50E+11	150067	3010874	3.42E+15	V  	
7320	?TIULE?I                         	517694	1	7197	23	3	3	7	1	1.50E+11	150067	3011707	1.34E+15	V  	
7339	TRÂNCE?TI                        	517696	1	7197	23	3	3	7	1	1.50E+11	150067	3012194	3.63E+17	V  	
7446	SOHODOL                          	0	1	10	3	2	3	7	1	1.50E+11	1	       	3.43E+13	IV 	
7455	SOHODOL                          	517700	1	7446	22	3	3	7	1	1.50E+11	150068	1011094	3.43E+13	IV 	
7464	B?ZE?TI                          	517701	1	7446	23	3	3	7	1	1.50E+11	150068	3000799	1.62E+13	V  	
7473	BIL?NE?TI                        	517702	1	7446	23	3	3	7	1	1.50E+11	150068	3001081	1.62E+17	V  	
7482	BOB?RE?TI                        	517703	1	7446	23	3	3	7	1	1.50E+11	150068	3001173	1.63E+17	V  	
7491	BR?DEANA                         	517704	1	7446	23	3	3	7	1	1.50E+11	150068	3001546	1.63E+15	V  	
7507	BURZONE?TI                       	517706	1	7446	23	3	3	7	1	1.50E+11	150068	3001935	1.64E+19	V  	
7516	DEONCE?TI                        	517707	1	7446	23	3	3	7	1	1.50E+11	150068	3004026	1.82E+17	V  	
7525	DILIMANI                         	517708	1	7446	23	3	3	7	1	1.50E+11	150068	3004063	1.82E+15	V  	
7534	FURDUIE?TI                       	517709	1	7446	23	3	3	7	1	1.50E+11	150068	3004945	2.04E+19	V  	
7543	GURA SOHODOL                     	517711	1	7446	23	3	3	7	1	1.50E+11	150068	3005625	2.14E+23	V  	
7552	HOANC?                           	517712	1	7446	23	3	3	7	1	1.50E+11	150068	3005830	2.23E+11	V  	
7561	JOLDI?E?TI                       	517713	1	7446	23	3	3	7	1	1.50E+11	150068	3006395	2.53E+19	V  	
7570	LAZURI                           	517714	1	7446	23	3	3	7	1	1.50E+11	150068	3006477	2.71E+11	V  	
7589	LEHE?TI                          	517716	1	7446	23	3	3	7	1	1.50E+11	150068	3006551	2.72E+13	V  	
7598	LUMINE?TI                        	517717	1	7446	23	3	3	7	1	1.50E+11	150068	3006767	2.74E+17	V  	
7605	MEDRE?TI                         	517718	1	7446	23	3	3	7	1	1.50E+11	150068	3007331	2.82E+15	V  	
7614	MOR?RE?TI                        	517719	1	7446	23	3	3	7	1	1.50E+11	150068	3007689	2.83E+17	V  	
7623	MUNE?TI                          	517721	1	7446	23	3	3	7	1	1.50E+11	150068	3007799	2.84E+13	V  	
7632	N?P?IE?TI                        	517722	1	7446	23	3	3	7	1	1.50E+11	150068	3007889	2.93E+17	V  	
7641	NELEGE?TI                        	517723	1	7446	23	3	3	7	1	1.50E+11	150068	3007979	2.92E+17	V  	
7650	NICORE?TI                        	517724	1	7446	23	3	3	7	1	1.50E+11	150068	3008030	2.92E+17	V  	
7669	PELE?                            	517726	1	7446	23	3	3	7	1	1.50E+11	150068	3008682	3119271919	V  	
7678	POIANA                           	517727	1	7446	23	3	3	7	1	1.50E+11	150068	3009167	3.13E+11	V  	
7687	ROBE?TI                          	517728	1	7446	23	3	3	7	1	1.50E+11	150068	3009989	3.33E+13	V  	
7712	SEBI?E?TI                        	517729	1	7446	23	3	3	7	1	1.50E+11	150068	3010799	3.42E+17	V  	
7696	SICOIE?TI                        	517731	1	7446	23	3	3	7	1	1.50E+11	150068	3010888	3.42E+17	V  	
7703	SURDE?TI                         	517732	1	7446	23	3	3	7	1	1.50E+11	150068	3011426	3.44E+15	V  	
7721	?IMOCE?TI                        	517733	1	7446	23	3	3	7	1	1.50E+11	150068	3011574	2.32E+17	V  	
7730	?OCI                             	517734	1	7446	23	3	3	7	1	1.50E+11	150068	3012081	36301723	V  	
7749	VALEA VERDE                      	517736	1	7446	23	3	3	7	1	1.50E+11	150068	3013016	3.91E+21	V  	
7758	VL?DO?E?TI                       	517737	1	7446	23	3	3	7	1	1.50E+11	150068	3013488	3.93E+17	V  	
7767	STREM?                           	0	1	10	3	2	3	7	1	1.50E+11	1	       	3.44E+11	IV 	
7776	STREM?                           	517745	1	7767	22	3	3	7	1	1.50E+11	150069	1011332	3.44E+11	IV 	
7785	FA?A PIETRII                     	517746	1	7767	23	3	3	7	1	1.50E+11	150069	3004541	2.01E+23	V  	
7794	GEOAGIU DE SUS                   	517747	1	7767	23	3	3	7	1	1.50E+11	150069	3005139	2.12E+27	V  	
7801	GEOMAL                           	517748	1	7767	23	3	3	7	1	1.50E+11	150069	3005142	2.12E+11	V  	
7810	?IBOT                            	0	1	10	3	2	3	7	1	1.50E+11	1	       	2723163036	IV 	
7829	?IBOT                            	517750	1	7810	22	3	3	7	1	1.50E+11	150070	1011551	3623163036	IV 	
7838	BALOMIRU DE CÂMP                 	517751	1	7810	23	3	3	7	1	1.50E+11	150070	3000452	1.61E+31	V  	
7847	B?C?IN?I                         	517752	1	7810	23	3	3	7	1	1.50E+11	150070	3000551	1.62E+15	V  	
7856	S?R?CS?U                         	517753	1	7810	23	3	3	7	1	1.50E+11	150070	3010496	3.43E+15	V  	
7865	?ONA                             	0	1	10	3	2	3	7	1	1.50E+11	1	       	38302913	IV 	
7874	?ONA                             	517755	1	7865	22	3	3	7	1	1.50E+11	150071	1011649	13302913	IV 	
7883	ALECU?                           	517756	1	7865	23	3	3	7	1	1.50E+11	150071	3000123	1.33E+11	V  	
7892	BIIA                             	517757	1	7865	23	3	3	7	1	1.50E+11	150071	3001078	16232313	V  	
7909	DOPT?U                           	517758	1	7865	23	3	3	7	1	1.50E+11	150071	3004197	1.83E+11	V  	
7918	LUNCA TÂRNAVEI                   	517759	1	7865	23	3	3	7	1	1.50E+11	150071	3006851	2.74E+27	V  	
7927	SÂNMICL?U?                       	517761	1	7865	23	3	3	7	1	1.50E+11	150071	3010614	3.42E+19	V  	
7936	VALEA SASULUI                    	517762	1	7865	23	3	3	7	1	1.50E+11	150071	3012941	3.91E+25	V  	
7945	?PRING                           	0	1	10	3	2	3	7	1	1.50E+11	1	       	2.33E+11	IV 	
7954	?PRING                           	517765	1	7945	22	3	3	7	1	1.50E+11	150072	1011665	2.13E+11	IV 	
7963	CARPEN                           	517766	1	7945	23	3	3	7	1	1.50E+11	150072	3002060	1.71E+11	V  	
7972	CARPENII DE SUS                  	517767	1	7945	23	3	3	7	1	1.50E+11	150072	3002062	1.71E+29	V  	
7981	CUN?A                            	517768	1	7945	23	3	3	7	1	1.50E+11	150072	3003704	1738292913	V  	
7990	DRA?OV                           	517769	1	7945	23	3	3	7	1	1.50E+11	150072	3004266	1.83E+11	V  	
8005	VINGARD                          	517771	1	7945	23	3	3	7	1	1.50E+11	150072	3013392	3.92E+13	V  	
8014	?UGAG                            	0	1	10	3	2	3	7	1	1.50E+11	1	       	1838211321	IV 	
8023	?UGAG                            	517775	1	8014	22	3	3	7	1	1.50E+11	150073	1011712	2138211321	IV 	
8032	AR?I                             	517776	1	8014	23	3	3	7	1	1.50E+11	150073	3000341	13333323	V  	
8041	BÂRSANA                          	517777	1	8014	23	3	3	7	1	1.50E+11	150073	3000853	1.62E+13	V  	
8050	DOBRA                            	517778	1	8014	23	3	3	7	1	1.50E+11	150073	3004103	1830163313	V  	
8069	JIDO?TINA                        	517779	1	8014	23	3	3	7	1	1.50E+11	150073	3006363	2.52E+17	V  	
8078	M?RTINIE                         	517781	1	8014	23	3	3	7	1	1.50E+11	150073	3007246	2.83E+15	V  	
8087	T?U BISTRA                       	517782	1	8014	23	3	3	7	1	1.50E+11	150073	3011855	3.64E+19	V  	
8158	UNIREA                           	0	1	10	3	2	3	7	1	1.50E+11	1	       	3.83E+11	IV 	
8167	UNIREA                           	517785	1	8158	22	3	3	7	1	1.50E+11	150074	1012518	3.83E+11	IV 	
8176	CIUGUDU DE JOS                   	517786	1	8158	23	3	3	7	1	1.50E+11	150074	3002887	1.72E+27	V  	
8185	CIUGUDU DE SUS                   	517787	1	8158	23	3	3	7	1	1.50E+11	150074	3002888	1.72E+27	V  	
8194	DUMBRAVA                         	517788	1	8158	23	3	3	7	1	1.50E+11	150074	3004394	1.84E+15	V  	
8201	INOC                             	517789	1	8158	23	3	3	7	1	1.50E+11	150074	3006157	23293017	V  	
8210	M?H?CENI                         	517791	1	8158	23	3	3	7	1	1.50E+11	150074	3007129	2.83E+15	V  	
8229	VADU MO?ILOR                     	0	1	10	3	2	3	7	1	1.50E+11	1	       	3.91E+23	IV 	
8238	VADU MO?ILOR                     	517795	1	8229	22	3	3	7	1	1.50E+11	150075	1012614	3.91E+23	IV 	
8247	BODE?TI                          	517796	1	8229	23	3	3	7	1	1.50E+11	150075	3001222	1.63E+13	V  	
8256	BURZE?TI                         	517797	1	8229	23	3	3	7	1	1.50E+11	150075	3001934	1.64E+15	V  	
8265	DEALU FRUMOS                     	517798	1	8229	23	3	3	7	1	1.50E+11	150075	3003927	1.82E+23	V  	
8274	L?ZE?TI                          	517799	1	8229	23	3	3	7	1	1.50E+11	150075	3006533	2.73E+13	V  	
8283	NEC?E?TI                         	517801	1	8229	23	3	3	7	1	1.50E+11	150075	3007916	2.92E+15	V  	
8292	PODURI-BRICE?TI                  	517802	1	8229	23	3	3	7	1	1.50E+11	150075	3009133	3.13E+29	V  	
8309	POPE?TII DE JOS                  	517803	1	8229	23	3	3	7	1	1.50E+11	150075	3009373	3.13E+29	V  	
8318	POPE?TII DE SUS                  	517804	1	8229	23	3	3	7	1	1.50E+11	150075	3009374	3.13E+29	V  	
8327	TOMU?E?TI                        	517806	1	8229	23	3	3	7	1	1.50E+11	150075	3012125	3.63E+17	V  	
8336	TO?E?TI                          	517807	1	8229	23	3	3	7	1	1.50E+11	150075	3012174	3.63E+13	V  	
8345	VÂLTORI                          	517808	1	8229	23	3	3	7	1	1.50E+11	150075	3013218	3.92E+13	V  	
8354	VALEA LUNG?                      	0	1	10	3	2	3	7	1	1.50E+11	1	       	3.91E+21	IV 	
8363	VALEA LUNG?                      	517815	1	8354	22	3	3	7	1	1.50E+11	150076	1012801	3.91E+21	IV 	
8372	F?GET                            	517816	1	8354	23	3	3	7	1	1.50E+11	150076	3004558	2020211936	V  	
8381	GLOGOVE?                         	517817	1	8354	23	3	3	7	1	1.50E+11	150076	3005358	2.13E+15	V  	
8390	LODROMAN                         	517818	1	8354	23	3	3	7	1	1.50E+11	150076	3006712	2.73E+15	V  	
8407	LUNCA                            	517819	1	8354	23	3	3	7	1	1.50E+11	150076	3006790	2738291713	V  	
8416	T?UNI                            	517821	1	8354	23	3	3	7	1	1.50E+11	150076	3011856	3636382923	V  	
8425	VIDRA                            	0	1	10	3	2	3	7	1	1.50E+11	1	       	3923183313	IV 	
8434	VIDRA                            	517825	1	8425	22	3	3	7	1	1.50E+11	150077	1013340	3923183313	IV 	
8443	B?I                              	517826	1	8425	23	3	3	7	1	1.50E+11	150077	3000594	161623	V  	
8452	BOB?RE?TI                        	517827	1	8425	23	3	3	7	1	1.50E+11	150077	3001174	1.63E+17	V  	
8461	BOGD?NE?TI                       	517828	1	8425	23	3	3	7	1	1.50E+11	150077	3001268	1.63E+19	V  	
8470	BORDE?TII POIENI                 	517829	1	8425	23	3	3	7	1	1.50E+11	150077	3001370	1.63E+31	V  	
8489	CULDE?TI                         	517831	1	8425	23	3	3	7	1	1.50E+11	150077	3003696	1.74E+15	V  	
8498	DEALU GOIE?TI                    	517832	1	8425	23	3	3	7	1	1.50E+11	150077	3003931	1.82E+25	V  	
8504	DOS                              	517833	1	8425	23	3	3	7	1	1.50E+11	150077	3004223	183034	V  	
8513	DOSU LUNCII                      	517834	1	8425	23	3	3	7	1	1.50E+11	150077	3004228	1.83E+21	V  	
8522	DOSU V?SE?TI                     	517836	1	8425	23	3	3	7	1	1.50E+11	150077	3004231	1.83E+23	V  	
8531	DR?GOIE?TI-LUNC?                 	517837	1	8425	23	3	3	7	1	1.50E+11	150077	3004314	1.83E+31	V  	
8540	FIC?RE?TI                        	517838	1	8425	23	3	3	7	1	1.50E+11	150077	3004714	2.02E+17	V  	
8559	GLIGORE?TI                       	517839	1	8425	23	3	3	7	1	1.50E+11	150077	3005329	2.13E+19	V  	
8568	GOIE?TI                          	517841	1	8425	23	3	3	7	1	1.50E+11	150077	3005385	2.13E+13	V  	
8577	HAIDUCE?TI                       	517842	1	8425	23	3	3	7	1	1.50E+11	150077	3005683	2.21E+19	V  	
8586	H?R??TI                          	517843	1	8425	23	3	3	7	1	1.50E+11	150077	3005737	2.22E+13	V  	
8595	HOANC?                           	517844	1	8425	23	3	3	7	1	1.50E+11	150077	3005829	2.23E+11	V  	
8602	JEFLE?TI                         	517846	1	8425	23	3	3	7	1	1.50E+11	150077	3006343	2.52E+15	V  	
8611	LUNCA                            	517847	1	8425	23	3	3	7	1	1.50E+11	150077	3006797	2738291713	V  	
8620	LUNCA BISERICII                  	517848	1	8425	23	3	3	7	1	1.50E+11	150077	3006816	2.74E+29	V  	
8639	LUNCA DE JOS                     	517852	1	8425	23	3	3	7	1	1.50E+11	150077	3006825	2.74E+23	V  	
8648	LUNCA GOIE?TI                    	517849	1	8425	23	3	3	7	1	1.50E+11	150077	3006832	2.74E+25	V  	
8657	LUNCA VESE?TI                    	517851	1	8425	23	3	3	7	1	1.50E+11	150077	3006854	2.74E+25	V  	
8666	MODOLE?TI                        	517853	1	8425	23	3	3	7	1	1.50E+11	150077	3007625	2.83E+17	V  	
8675	NEME?I                           	517854	1	8425	23	3	3	7	1	1.50E+11	150077	3007982	2.92E+11	V  	
8684	OIDE?TI                          	517856	1	8425	23	3	3	7	1	1.50E+11	150077	3008226	3.02E+13	V  	
8693	PIT?RCE?TI                       	517857	1	8425	23	3	3	7	1	1.50E+11	150077	3008929	3.12E+19	V  	
8700	PLE?CU?A                         	517858	1	8425	23	3	3	7	1	1.50E+11	150077	3008984	3.13E+15	V  	
8719	POIENI                           	517859	1	8425	23	3	3	7	1	1.50E+11	150077	3009267	3.13E+11	V  	
8728	PONOREL                          	517861	1	8425	23	3	3	7	1	1.50E+11	150077	3009331	3.13E+13	V  	
8737	PUIULE?E?TI                      	517862	1	8425	23	3	3	7	1	1.50E+11	150077	3009599	3.14E+21	V  	
8746	RUNC                             	517863	1	8425	23	3	3	7	1	1.50E+11	150077	3010163	33382917	V  	
8755	SEGAJ                            	517864	1	8425	23	3	3	7	1	1.50E+11	150077	3010829	3419211325	V  	
8764	URDE?                            	517866	1	8425	23	3	3	7	1	1.50E+11	150077	3012528	3833181919	V  	
8773	VALEA MORII                      	517867	1	8425	23	3	3	7	1	1.50E+11	150077	3012872	3.91E+21	V  	
8782	V?SE?TI                          	517868	1	8425	23	3	3	7	1	1.50E+11	150077	3013173	3.94E+13	V  	
8791	VÂLC?NEASA                       	517869	1	8425	23	3	3	7	1	1.50E+11	150077	3013184	3.92E+19	V  	
8808	VÂLCE?TI                         	517871	1	8425	23	3	3	7	1	1.50E+11	150077	3013214	3.92E+15	V  	
8817	VÂRT?NE?TI                       	517872	1	8425	23	3	3	7	1	1.50E+11	150077	3013257	3.92E+19	V  	
8826	VIN?U DE JOS                     	0	1	10	3	2	3	7	1	1.50E+11	1	       	3.92E+23	IV 	
8835	VIN?U DE JOS                     	517875	1	8826	22	3	3	7	1	1.50E+11	150078	1013398	3.92E+23	IV 	
8853	CÂMPU GOBLII                     	517876	1	8826	23	3	3	7	1	1.50E+11	150078	3002347	1.72E+23	V  	
8844	CIOCA?U                          	517877	1	8826	23	3	3	7	1	1.50E+11	150078	3002774	1.72E+13	V  	
8862	CRI?ENI                          	517878	1	8826	23	3	3	7	1	1.50E+11	150078	3003597	1.73E+13	V  	
8871	DEALU FERULUI                    	517879	1	8826	23	3	3	7	1	1.50E+11	150078	3003922	1.82E+25	V  	
8880	GURA CU?ULUI                     	517881	1	8826	23	3	3	7	1	1.50E+11	150078	3005602	2.14E+23	V  	
8899	HA?EGANA                         	517882	1	8826	23	3	3	7	1	1.50E+11	150078	3005708	2.21E+15	V  	
8906	INURI                            	517883	1	8826	23	3	3	7	1	1.50E+11	150078	3006160	2329383323	V  	
8915	LAZ                              	517884	1	8826	23	3	3	7	1	1.50E+11	150078	3006462	271342	V  	
8924	M?T?CINA                         	517886	1	8826	23	3	3	7	1	1.50E+11	150078	3007261	2.83E+15	V  	
8933	MERETEU                          	517887	1	8826	23	3	3	7	1	1.50E+11	150078	3007359	2.82E+13	V  	
8942	PÂR?U LUI MIHAI                  	517888	1	8826	23	3	3	7	1	1.50E+11	150078	3008633	3.12E+29	V  	
8951	POIENI?A                         	517889	1	8826	23	3	3	7	1	1.50E+11	150078	3009295	3.13E+15	V  	
8960	ST?UINI                          	517891	1	8826	23	3	3	7	1	1.50E+11	150078	3011201	3.44E+13	V  	
8979	VALEA GOBLII                     	517892	1	8826	23	3	3	7	1	1.50E+11	150078	3012752	3.91E+23	V  	
8988	VALEA LUI MIHAI                  	517894	1	8826	23	3	3	7	1	1.50E+11	150078	3012791	3.91E+29	V  	
8997	VALEA VIN?ULUI                   	517893	1	8826	23	3	3	7	1	1.50E+11	150078	3013022	3.91E+27	V  	
9002	VURP?R                           	517896	1	8826	23	3	3	7	1	1.50E+11	150078	3013590	3.94E+11	V  	
29	JUDE?UL ARAD                     	0	2	1	40	1	0	5	2	2.00E+11	       	       	2.54E+23	   	
9262	MUNICIPIUL ARAD                  	0	2	29	1	2	1	5	2	2.10E+11	2	       	2.84E+29	II 	
9271	ARAD                             	310001	2	9262	9	3	1	5	2	2.10E+11	210114	1000257	13331318	II 	
9459	ORA? CHI?INEU-CRI?               	0	2	29	2	2	1	5	2	2.30E+11	2	       	3.03E+35	III	
9468	CHI?INEU-CRI?                    	315100	2	9459	17	3	1	5	2	2.30E+11	230116	1002699	1.72E+25	III	
9477	NADAB                            	315101	2	9459	19	3	1	5	2	2.30E+11	230116	3007848	2913181316	V  	
9495	ORA? CURTICI                     	0	2	29	2	2	1	5	2	2.30E+11	2	       	3.03E+23	III	
9501	CURTICI                          	315200	2	9495	17	3	1	5	2	2.30E+11	230117	1003745	1.74E+13	III	
9538	ORA? INEU                        	0	2	29	2	2	1	5	2	2.30E+11	2	       	3.03E+17	III	
9547	INEU                             	315300	2	9538	17	3	1	5	2	2.30E+11	230118	1006153	23291938	III	
9556	MOCREA                           	315301	2	9538	19	3	1	5	2	2.30E+11	230118	3007622	2.83E+11	V  	
9574	ORA? LIPOVA                      	0	2	29	2	2	1	5	2	2.30E+11	2	       	3.03E+21	III	
9583	LIPOVA                           	315400	2	9574	17	3	1	5	2	2.30E+11	230119	1006653	2.72E+11	III	
9592	RADNA                            	315401	2	9574	18	3	1	5	2	2.30E+11	230119	2009678	3313182913	V  	
9609	?OIMO?                           	315402	2	9574	18	3	1	5	2	2.30E+11	230119	2011628	1.33E+11	V  	
9627	ORA? N?DLAC                      	0	2	29	2	2	1	5	2	2.30E+11	2	       	3.03E+21	III	
9636	N?DLAC                           	315500	2	9627	17	3	1	5	2	2.30E+11	230120	1007875	2.93E+11	III	
9654	ORA? PÂNCOTA                     	0	2	29	2	2	1	5	2	2.30E+11	2	       	3.03E+23	III	
9663	PÂNCOTA                          	315600	2	9654	17	3	1	5	2	2.30E+11	230121	1008627	3.12E+13	III	
9672	M?DERAT                          	315601	2	9654	19	3	1	5	2	2.30E+11	230121	3007075	2.83E+13	V  	
11584	ORA? PECICA                      	0	2	29	2	2	1	5	2	2.30E+11	2	       	3.03E+21	IV 	
11593	PECICA                           	317235	2	11584	17	3	1	5	2	2.30E+11	230122	1008675	3.12E+11	IV 	
11600	BODROGU VECHI                    	317236	2	11584	19	3	1	5	2	2.30E+11	230122	3001236	1.63E+25	V  	
11619	SEDERHAT                         	317237	2	11584	19	3	1	5	2	2.30E+11	230122	3010828	3.42E+15	V  	
11628	TURNU                            	317238	2	11584	19	3	1	5	2	2.30E+11	230122	3012304	3638332938	V  	
12091	ORA? SÂNTANA                     	0	2	29	2	2	1	5	2	2.30E+11	2	       	3.03E+23	IV 	
12108	SÂNTANA                          	317280	2	12091	17	3	1	5	2	2.30E+11	230123	1010639	3.42E+13	IV 	
12117	CAPORAL ALEXA                    	317281	2	12091	18	3	1	5	2	2.30E+11	230123	3002030	1.71E+25	V  	
9690	ORA? SEBI?                       	0	2	29	2	2	1	5	2	2.30E+11	2	       	3.03E+19	III	
9707	SEBI?                            	315700	2	9690	17	3	1	5	2	2.30E+11	230124	1010798	3419162323	III	
9716	DONCENI                          	315701	2	9690	19	3	1	5	2	2.30E+11	230124	3004194	1.83E+13	V  	
9725	PRUNI?OR                         	315702	2	9690	19	3	1	5	2	2.30E+11	230124	3009583	3.13E+15	V  	
9734	S?L?JENI                         	315703	2	9690	19	3	1	5	2	2.30E+11	230124	3010416	3.43E+15	V  	
9743	ALMA?                            	0	2	29	3	2	3	5	2	2.50E+11	2	       	1327281313	IV 	
9752	ALMA?                            	317005	2	9743	22	3	3	5	2	2.50E+11	250079	1000148	1327281313	IV 	
9761	CIL                              	317006	2	9743	23	3	3	5	2	2.50E+11	250079	3002745	172327	V  	
9770	JOIA MARE                        	317007	2	9743	23	3	3	5	2	2.50E+11	250079	3006391	2.53E+17	V  	
9789	R?DE?TI                          	317008	2	9743	23	3	3	5	2	2.50E+11	250079	3009770	3.33E+13	V  	
9798	APATEU                           	0	2	29	3	2	3	5	2	2.50E+11	2	       	1.33E+11	IV 	
9805	APATEU                           	317010	2	9798	22	3	3	5	2	2.50E+11	250080	1000246	1.33E+11	IV 	
9814	BERECHIU                         	317011	2	9798	23	3	3	5	2	2.50E+11	250080	3000989	1.62E+15	V  	
9823	MO?IORI                          	317012	2	9798	23	3	3	5	2	2.50E+11	250080	3007749	2.83E+13	V  	
9832	ARCHI?                           	0	2	29	3	2	3	5	2	2.50E+11	2	       	1.33E+11	IV 	
9841	ARCHI?                           	317015	2	9832	22	3	3	5	2	2.50E+11	250081	1000274	1.33E+11	IV 	
9850	BÂRZE?TI                         	317016	2	9832	23	3	3	5	2	2.50E+11	250081	3000882	1.62E+15	V  	
9869	GRO?ENI                          	317017	2	9832	23	3	3	5	2	2.50E+11	250081	3005539	2.13E+13	V  	
9878	NERMI?                           	317018	2	9832	23	3	3	5	2	2.50E+11	250081	3007997	2.92E+11	V  	
9887	BATA                             	0	2	29	3	2	3	5	2	2.50E+11	2	       	16133613	IV 	
9896	BATA                             	317020	2	9887	22	3	3	5	2	2.50E+11	250082	1000517	16133613	IV 	
9903	BAC?U DE MIJLOC                  	317021	2	9887	23	3	3	5	2	2.50E+11	250082	3000398	1.61E+29	V  	
9912	BULCI                            	317022	2	9887	23	3	3	5	2	2.50E+11	250082	3001864	1638271723	V  	
9921	?ELA                             	317023	2	9887	23	3	3	5	2	2.50E+11	250082	3012353	23192713	V  	
10051	BÂRSA                            	0	2	29	3	2	3	5	2	2.50E+11	2	       	1615333413	IV 	
10060	BÂRSA                            	317025	2	10051	22	3	3	5	2	2.50E+11	250083	1000852	1615333413	IV 	
10079	ALDE?TI                          	317026	2	10051	23	3	3	5	2	2.50E+11	250083	3000121	1.33E+13	V  	
10088	HODI?                            	317027	2	10051	23	3	3	5	2	2.50E+11	250083	3005843	2230182323	V  	
10097	VOIVODENI                        	317028	2	10051	23	3	3	5	2	2.50E+11	250083	3013529	3.93E+17	V  	
10104	BÂRZAVA                          	0	2	29	3	2	3	5	2	2.50E+11	2	       	1.62E+13	IV 	
10113	BÂRZAVA                          	317030	2	10104	22	3	3	5	2	2.50E+11	250084	1000876	1.62E+13	IV 	
10122	B?TU?A                           	317031	2	10104	23	3	3	5	2	2.50E+11	250084	3000794	1.62E+11	V  	
10131	C?PRU?A                          	317032	2	10104	23	3	3	5	2	2.50E+11	250084	3002235	1.72E+13	V  	
10140	DUMBR?VI?A                       	317033	2	10104	23	3	3	5	2	2.50E+11	250084	3004439	1.84E+19	V  	
10159	GRO?II NOI                       	317034	2	10104	23	3	3	5	2	2.50E+11	250084	3005549	2.13E+19	V  	
10168	LALA?IN?                         	317036	2	10104	23	3	3	5	2	2.50E+11	250084	3006444	2.71E+15	V  	
10177	MONORO?TIA                       	317037	2	10104	23	3	3	5	2	2.50E+11	250084	3007682	2.83E+19	V  	
10186	SLATINA DE MURE?                 	317038	2	10104	23	3	3	5	2	2.50E+11	250084	3010975	3.43E+31	V  	
9930	BELIU                            	0	2	29	3	2	3	5	2	2.50E+11	2	       	1619272338	IV 	
9949	BELIU                            	317040	2	9930	22	3	3	5	2	2.50E+11	250085	1000948	1619272338	IV 	
9958	BENE?TI                          	317041	2	9930	23	3	3	5	2	2.50E+11	250085	3000960	1.62E+13	V  	
9967	BOCHIA                           	317042	2	9930	23	3	3	5	2	2.50E+11	250085	3001198	1.63E+11	V  	
9985	SECACI                           	317043	2	9930	23	3	3	5	2	2.50E+11	250085	3010800	3.42E+11	V  	
9994	T?G?D?U                          	317044	2	9930	23	3	3	5	2	2.50E+11	250085	3011781	3.64E+13	V  	
9976	VASILE GOLDI?                    	317046	2	9930	23	3	3	5	2	2.50E+11	250085	3006852	3.91E+25	V  	
10006	BIRCHI?                          	0	2	29	3	2	3	5	2	2.50E+11	2	       	1.62E+13	IV 	
10015	BIRCHI?                          	317050	2	10006	22	3	3	5	2	2.50E+11	250086	1001091	1.62E+13	IV 	
10024	C?P?LNA?                         	317051	2	10006	23	3	3	5	2	2.50E+11	250086	3002213	1.72E+15	V  	
10033	OSTROV                           	317052	2	10006	23	3	3	5	2	2.50E+11	250086	3008370	3.03E+11	V  	
10042	VIRISMORT                        	317053	2	10006	23	3	3	5	2	2.50E+11	250086	3013400	3.92E+17	V  	
10195	BOCSIG                           	0	2	29	3	2	3	5	2	2.50E+11	2	       	1.63E+11	IV 	
10202	BOCSIG                           	317055	2	10195	22	3	3	5	2	2.50E+11	250087	1001204	1.63E+11	IV 	
10211	MÂNER?U                          	317056	2	10195	23	3	3	5	2	2.50E+11	250087	3007298	2.82E+13	V  	
10220	R?PSIG                           	317057	2	10195	23	3	3	5	2	2.50E+11	250087	3009795	3.33E+11	V  	
10239	BRAZII                           	0	2	29	3	2	3	5	2	2.50E+11	2	       	1.63E+11	IV 	
10248	BRAZII                           	317060	2	10239	22	3	3	5	2	2.50E+11	250088	1001538	1.63E+11	IV 	
10257	BUCEAVA-?OIMU?                   	317061	2	10239	23	3	3	5	2	2.50E+11	250088	3001707	1.64E+27	V  	
10266	IACOBINI                         	317062	2	10239	23	3	3	5	2	2.50E+11	250088	3006002	2.31E+15	V  	
10275	M?DRIGE?TI                       	317063	2	10239	23	3	3	5	2	2.50E+11	250088	3007076	2.83E+19	V  	
10284	SECA?                            	317064	2	10239	23	3	3	5	2	2.50E+11	250088	3010803	3419171313	V  	
10293	BUTENI                           	0	2	29	3	2	3	5	2	2.50E+11	2	       	1.64E+11	IV 	
10300	BUTENI                           	317065	2	10293	22	3	3	5	2	2.50E+11	250089	1001958	1.64E+11	IV 	
10319	BERINDIA                         	317066	2	10293	23	3	3	5	2	2.50E+11	250089	3001013	1.62E+15	V  	
10328	CUIED                            	317067	2	10293	23	3	3	5	2	2.50E+11	250089	3003685	1738231918	V  	
10337	P?ULIAN                          	317068	2	10293	23	3	3	5	2	2.50E+11	250089	3008602	3.13E+13	V  	
10346	C?RAND                           	0	2	29	3	2	3	5	2	2.50E+11	2	       	1.72E+11	IV 	
10355	C?RAND                           	317070	2	10346	22	3	3	5	2	2.50E+11	250090	1002244	1.72E+11	IV 	
10364	SELI?TEA                         	317071	2	10346	23	3	3	5	2	2.50E+11	250090	3010844	3.42E+15	V  	
10373	CERMEI                           	0	2	29	3	2	3	5	2	2.50E+11	2	       	1.72E+11	IV 	
10382	CERMEI                           	317075	2	10373	22	3	3	5	2	2.50E+11	250091	1002498	1.72E+11	IV 	
10391	AVRAM IANCU                      	317076	2	10373	23	3	3	5	2	2.50E+11	250091	3000374	1.34E+21	V  	
10408	?OMO?CHE?                        	317077	2	10373	23	3	3	5	2	2.50E+11	250091	3011646	3.83E+17	V  	
10417	CHISINDIA                        	0	2	29	3	2	3	5	2	2.50E+11	2	       	1.72E+17	IV 	
10426	CHISINDIA                        	317080	2	10417	22	3	3	5	2	2.50E+11	250092	1002692	1.72E+17	IV 	
10435	P?IU?ENI                         	317081	2	10417	23	3	3	5	2	2.50E+11	250092	3008530	3.13E+15	V  	
10444	V?SOAIA                          	317082	2	10417	23	3	3	5	2	2.50E+11	250092	3013174	3.94E+13	V  	
